code;name;location;reference product;categories;classifications;ex_name;ex_amount;ex_unit;ex_product;ex_production volume;ex_type;ex_location;database
0059bb004595498b8a2b51fc8b6a2017;hydrogen production, gaseous, 25 bar, from gasification of woody biomass in entrained flow gasifier, with CCS, at gasification plant;CAZ;hydrogen, gaseous, 25 bar;;[];carbon dioxide, captured at hydrogen production plant, pre, pipeline 200km, storage 1000m;-19.58557;kilogram;carbon dioxide, captured at hydrogen production plant, pre, pipeline 200km, storage 1000m;;technosphere;RER;ecoinvent_cutoff_3.9_remind_SSP2-PkBudg500_2030
0065f7b52fd54e4d986d5ba2024026ef;carbon dioxide storage from lignite, oxy, pipeline 200km, storage 1000m;NEU;carbon dioxide storage from lignite, oxy, pipeline 200km, storage 1000m;;[];carbon dioxide storage from lignite, oxy, pipeline 200km, storage 1000m;-1.0;kilogram;carbon dioxide storage from lignite, oxy, pipeline 200km, storage 1000m;1.0;production;NEU;ecoinvent_cutoff_3.9_remind_SSP2-PkBudg500_2030
007660297f264b58bdb39cd282079b72;ethanol production, via fermentation, from miscanthus, with carbon capture and storage, energy allocation;MEA;ethanol, from miscanthus;;[];carbon dioxide storage at wood burning power plant 20 MW post, pipeline 200km, storage 1000m;-4.826492542155434;kilogram;carbon dioxide storage at wood burning power plant 20 MW post, pipeline 200km, storage 1000m;;technosphere;MEA;ecoinvent_cutoff_3.9_remind_SSP2-PkBudg500_2030
00792abec36d4b2985a03e747828ea2a;carbon dioxide, captured from natural gas, post, 200km pipeline, storage 1000m;RER;carbon dioxide, captured from natural gas, post, 200km pipeline, storage 1000m;;[];carbon dioxide, captured from natural gas, post, 200km pipeline, storage 1000m;-1.0;kilogram;carbon dioxide, captured from natural gas, post, 200km pipeline, storage 1000m;;production;RER;ecoinvent_cutoff_3.9_remind_SSP2-PkBudg500_2030
00792abec36d4b2985a03e747828ea2a;carbon dioxide, captured from natural gas, post, 200km pipeline, storage 1000m;RER;carbon dioxide, captured from natural gas, post, 200km pipeline, storage 1000m;;[];carbon dioxide, captured from natural gas, post, 200km pipeline, storage 1000m;-1.0;kilogram;carbon dioxide, captured from natural gas, post, 200km pipeline, storage 1000m;;technosphere;EUR;ecoinvent_cutoff_3.9_remind_SSP2-PkBudg500_2030
00c699da63ea4a3d8204e4c7a33eaaa1;carbon dioxide storage from natural gas, post, 200km pipeline, storage 1000m;USA;carbon dioxide storage from natural gas, post, 200km pipeline, storage 1000m;;[];carbon dioxide storage from natural gas, post, 200km pipeline, storage 1000m;-1.0;kilogram;carbon dioxide storage from natural gas, post, 200km pipeline, storage 1000m;1.0;production;USA;ecoinvent_cutoff_3.9_remind_SSP2-PkBudg500_2030
00f92a2863bf4af4b1cac5676094a9d8;carbon dioxide storage from natural gas, post, 400km pipeline, storage 1000m;CHA;carbon dioxide storage from natural gas, post, 400km pipeline, storage 1000m;;[];carbon dioxide storage from natural gas, post, 400km pipeline, storage 1000m;-1.0;kilogram;carbon dioxide storage from natural gas, post, 400km pipeline, storage 1000m;1.0;production;CHA;ecoinvent_cutoff_3.9_remind_SSP2-PkBudg500_2030
011208d986604786897a5aaa8baca121;carbon dioxide storage at wood burning power plant 20 MW post, pipeline 400km, storage 3000m;RER;carbon dioxide storage at wood burning power plant 20 MW post, pipeline 400km, storage 3000m;;[];carbon dioxide storage at wood burning power plant 20 MW post, pipeline 400km, storage 3000m;-1.0;kilogram;carbon dioxide storage at wood burning power plant 20 MW post, pipeline 400km, storage 3000m;;production;RER;ecoinvent_cutoff_3.9_remind_SSP2-PkBudg500_2030
011208d986604786897a5aaa8baca121;carbon dioxide storage at wood burning power plant 20 MW post, pipeline 400km, storage 3000m;RER;carbon dioxide storage at wood burning power plant 20 MW post, pipeline 400km, storage 3000m;;[];carbon dioxide storage at wood burning power plant 20 MW post, pipeline 400km, storage 3000m;-1.0;kilogram;carbon dioxide storage at wood burning power plant 20 MW post, pipeline 400km, storage 3000m;;technosphere;EUR;ecoinvent_cutoff_3.9_remind_SSP2-PkBudg500_2030
011a34cdf20b4742b6bf626979c2ea1e;carbon dioxide, captured from natural gas, pre, 200km pipeline, storage 1000m;REF;carbon dioxide, captured from natural gas, pre, 200km pipeline, storage 1000m;;[];carbon dioxide, captured from natural gas, pre, 200km pipeline, storage 1000m;-1.0;kilogram;carbon dioxide, captured from natural gas, pre, 200km pipeline, storage 1000m;1.0;production;REF;ecoinvent_cutoff_3.9_remind_SSP2-PkBudg500_2030
011a34cdf20b4742b6bf626979c2ea1e;carbon dioxide, captured from natural gas, pre, 200km pipeline, storage 1000m;REF;carbon dioxide, captured from natural gas, pre, 200km pipeline, storage 1000m;;[];carbon dioxide storage from natural gas, pre, 200km pipeline, storage 1000m;-1.0;kilogram;carbon dioxide storage from natural gas, pre, 200km pipeline, storage 1000m;;technosphere;REF;ecoinvent_cutoff_3.9_remind_SSP2-PkBudg500_2030
016446c45bbb4ea289aecddfad60c299;carbon dioxide storage from lignite, pre, pipeline 400km, storage 3000m;CHA;carbon dioxide storage from lignite, pre, pipeline 400km, storage 3000m;;[];carbon dioxide storage from lignite, pre, pipeline 400km, storage 3000m;-1.0;kilogram;carbon dioxide storage from lignite, pre, pipeline 400km, storage 3000m;1.0;production;CHA;ecoinvent_cutoff_3.9_remind_SSP2-PkBudg500_2030
0164495246c94424a7509fd3883a237b;electricity production, at lignite-fired power plant, post, pipeline 200km, storage 1000m;REF;electricity, high voltage;;[];carbon dioxide, captured from lignite, post, pipeline 200km, storage 1000m;-1.0645714285714285;kilogram;carbon dioxide, captured from lignite, post, pipeline 200km, storage 1000m;;technosphere;REF;ecoinvent_cutoff_3.9_remind_SSP2-PkBudg500_2030
0165dff0dedf4a7b87a8013666555c5e;carbon dioxide, captured from atmosphere, with a sorbent-based direct air capture system, 100ktCO2, with heat pump heat, and grid electricity;CAZ;carbon dioxide, captured from atmosphere;;[];carbon dioxide, captured from atmosphere, with a sorbent-based direct air capture system, 100ktCO2, with heat pump heat, and grid electricity;-1.0;kilogram;carbon dioxide, captured from atmosphere;1.0;production;CAZ;ecoinvent_cutoff_3.9_remind_SSP2-PkBudg500_2030
0168b792390d40d3b47fdfb49b94c186;electricity production, at lignite-fired power plant, post, pipeline 200km, storage 1000m;World;electricity, high voltage;;[];carbon dioxide, captured from lignite, post, pipeline 200km, storage 1000m;-1.0645714285714285;kilogram;carbon dioxide, captured from lignite, post, pipeline 200km, storage 1000m;;technosphere;World;ecoinvent_cutoff_3.9_remind_SSP2-PkBudg500_2030
0169dffcb4344e11b3fd9822825ba06f;carbon dioxide, captured at hydrogen production plant, pre, pipeline 400km, storage 3000m;RER;carbon dioxide, captured at hydrogen production plant, pre, pipeline 400km, storage 3000m;;[];carbon dioxide, captured at hydrogen production plant, pre, pipeline 400km, storage 3000m;-1.0;kilogram;carbon dioxide, captured at hydrogen production plant, pre, pipeline 400km, storage 3000m;;production;RER;ecoinvent_cutoff_3.9_remind_SSP2-PkBudg500_2030
0169dffcb4344e11b3fd9822825ba06f;carbon dioxide, captured at hydrogen production plant, pre, pipeline 400km, storage 3000m;RER;carbon dioxide, captured at hydrogen production plant, pre, pipeline 400km, storage 3000m;;[];carbon dioxide storage at hydrogen production plant, pre, pipeline 400km, storage 3000m;-1.0;kilogram;carbon dioxide storage at hydrogen production plant, pre, pipeline 400km, storage 3000m;;technosphere;EUR;ecoinvent_cutoff_3.9_remind_SSP2-PkBudg500_2030
018ac8299ae64a90bf702a1ad02018ae;ethanol production, via fermentation, from sugarcane, with carbon capture and storage, energy allocation;MEA;ethanol, from sugarcane;;[];carbon dioxide storage at wood burning power plant 20 MW post, pipeline 200km, storage 1000m;-5.189136525067595;kilogram;carbon dioxide storage at wood burning power plant 20 MW post, pipeline 200km, storage 1000m;;technosphere;MEA;ecoinvent_cutoff_3.9_remind_SSP2-PkBudg500_2030
01b88f8debca472082887a2234d654ff;electricity production, at co-generation hard coal-fired power plant, post, pipeline 200km, storage 1000m;RER;electricity, high voltage;;[];carbon dioxide, captured from hard coal-fired power plant, oxy, pipeline 200km, storage 1000m;-0.9416673993012984;kilogram;carbon dioxide, captured from hard coal-fired power plant, oxy, pipeline 200km, storage 1000m;;technosphere;EUR;ecoinvent_cutoff_3.9_remind_SSP2-PkBudg500_2030
01f337fc634e42cda43ac5955a91ee44;methane, from electrochemical methanation, with carbon from atmosphere, using waste heat;World;methane, from electrochemical methanation;;[];carbon dioxide, captured from atmosphere, with a sorbent-based direct air capture system, 100ktCO2, with waste heat, and grid electricity;-2.750348675034868;kilogram;carbon dioxide, captured from atmosphere;;technosphere;World;ecoinvent_cutoff_3.9_remind_SSP2-PkBudg500_2030
021b3bf33e354b6994357de21aff570b;carbon dioxide storage at synthetic natural gas plant, post, 200km pipeline, storage 1000m;JPN;carbon dioxide storage at synthetic natural gas plant, post, 200km pipeline, storage 1000m;;[];carbon dioxide storage at synthetic natural gas plant, post, 200km pipeline, storage 1000m;-1.0;kilogram;carbon dioxide storage at synthetic natural gas plant, post, 200km pipeline, storage 1000m;1.0;production;JPN;ecoinvent_cutoff_3.9_remind_SSP2-PkBudg500_2030
026a2a8b1b724aa986246122b41e649c;carbon dioxide storage from hard coal, pre, pipeline 200km, storage 1000m;World;carbon dioxide storage from hard coal, pre, pipeline 200km, storage 1000m;;[];carbon dioxide storage from hard coal, pre, pipeline 200km, storage 1000m;-1.0;kilogram;carbon dioxide storage from hard coal, pre, pipeline 200km, storage 1000m;1.0;production;World;ecoinvent_cutoff_3.9_remind_SSP2-PkBudg500_2030
026bc93b41fb4654a3bde9b6b9d826b3;methanol synthesis, hydrogen from electrolysis, CO2 from DAC;EUR;methanol, unpurified;;[];carbon dioxide, captured from atmosphere, with a solvent-based direct air capture system, 1MtCO2, with heat pump heat, and grid electricity;-1.6904231625835189;kilogram;carbon dioxide, captured from atmosphere;;technosphere;EUR;ecoinvent_cutoff_3.9_remind_SSP2-PkBudg500_2030
02b17ef5965e4d4f82e86b38f268e551;carbon dioxide, captured from atmosphere, with a solvent-based direct air capture system, 1MtCO2, with heat pump heat, and grid electricity;JPN;carbon dioxide, captured from atmosphere;;[];carbon dioxide, captured from atmosphere, with a solvent-based direct air capture system, 1MtCO2, with heat pump heat, and grid electricity;-1.0;kilogram;carbon dioxide, captured from atmosphere;1.0;production;JPN;ecoinvent_cutoff_3.9_remind_SSP2-PkBudg500_2030
030739c35b59429ca1565106b848d668;carbon dioxide, captured from atmosphere, with a solvent-based direct air capture system, 1MtCO2, with industrial steam heat, and grid electricity;NEU;carbon dioxide, captured from atmosphere;;[];carbon dioxide, captured from atmosphere, with a solvent-based direct air capture system, 1MtCO2, with industrial steam heat, and grid electricity;-1.0;kilogram;carbon dioxide, captured from atmosphere;1.0;production;NEU;ecoinvent_cutoff_3.9_remind_SSP2-PkBudg500_2030
034db656a897419581762df1a38f8d62;ethanol production, via fermentation, from switchgrass, with carbon capture and storage, economic allocation;US;ethanol, from switchgrass;;[];carbon dioxide storage at wood burning power plant 20 MW post, pipeline 200km, storage 1000m;-3.2483522440161696;kilogram;carbon dioxide storage at wood burning power plant 20 MW post, pipeline 200km, storage 1000m;;technosphere;USA;ecoinvent_cutoff_3.9_remind_SSP2-PkBudg500_2030
035c159e8fff4d4a81f4697ddc3ed0c1;hydrogen production, steam methane reforming of natural gas, with CCS (MDEA, 98% eff.), 25 bar;CHA;hydrogen, gaseous, 25 bar;;[];carbon dioxide, captured at hydrogen production plant, pre, pipeline 200km, storage 1000m;-6.161167019605815;kilogram;carbon dioxide, captured at hydrogen production plant, pre, pipeline 200km, storage 1000m;;technosphere;RER;ecoinvent_cutoff_3.9_remind_SSP2-PkBudg500_2030
03922b1d7afd415f923f29247e19e360;carbon dioxide storage at wood burning power plant 20 MW post, pipeline 400km, storage 3000m;EUR;carbon dioxide storage at wood burning power plant 20 MW post, pipeline 400km, storage 3000m;;[];carbon dioxide storage at wood burning power plant 20 MW post, pipeline 400km, storage 3000m;-1.0;kilogram;carbon dioxide storage at wood burning power plant 20 MW post, pipeline 400km, storage 3000m;1.0;production;EUR;ecoinvent_cutoff_3.9_remind_SSP2-PkBudg500_2030
03ffce969cdb45f9b60a25cb560762fd;carbon dioxide, captured from atmosphere and stored, with a sorbent-based direct air capture system, 100ktCO2, with industrial steam heat, and grid electricity;MEA;carbon dioxide, captured from atmosphere;;[];carbon dioxide, captured from atmosphere and stored, with a sorbent-based direct air capture system, 100ktCO2, with industrial steam heat, and grid electricity;-1.0;kilogram;carbon dioxide, captured from atmosphere;1.0;production;MEA;ecoinvent_cutoff_3.9_remind_SSP2-PkBudg500_2030
040e6a22a27f4dc59c3671ea69357837;carbon dioxide storage at wood burning power plant 20 MW post, pipeline 200km, storage 1000m;MEA;carbon dioxide storage at wood burning power plant 20 MW post, pipeline 200km, storage 1000m;;[];carbon dioxide storage at wood burning power plant 20 MW post, pipeline 200km, storage 1000m;-1.0;kilogram;carbon dioxide storage at wood burning power plant 20 MW post, pipeline 200km, storage 1000m;1.0;production;MEA;ecoinvent_cutoff_3.9_remind_SSP2-PkBudg500_2030
0454682f52eb456491b551189ef6bc28;carbon dioxide storage from natural gas, post, 400km pipeline, storage 3000m;OAS;carbon dioxide storage from natural gas, post, 400km pipeline, storage 3000m;;[];carbon dioxide storage from natural gas, post, 400km pipeline, storage 3000m;-1.0;kilogram;carbon dioxide storage from natural gas, post, 400km pipeline, storage 3000m;1.0;production;OAS;ecoinvent_cutoff_3.9_remind_SSP2-PkBudg500_2030
049ddaefd9684408b228c874ac4c9b91;carbon dioxide, captured from natural gas, post, 400km pipeline, storage 1000m;JPN;carbon dioxide, captured from natural gas, post, 400km pipeline, storage 1000m;;[];carbon dioxide, captured from natural gas, post, 400km pipeline, storage 1000m;-1.0;kilogram;carbon dioxide, captured from natural gas, post, 400km pipeline, storage 1000m;1.0;production;JPN;ecoinvent_cutoff_3.9_remind_SSP2-PkBudg500_2030
049ddaefd9684408b228c874ac4c9b91;carbon dioxide, captured from natural gas, post, 400km pipeline, storage 1000m;JPN;carbon dioxide, captured from natural gas, post, 400km pipeline, storage 1000m;;[];carbon dioxide storage from natural gas, post, 400km pipeline, storage 1000m;-1.0;kilogram;carbon dioxide storage from natural gas, post, 400km pipeline, storage 1000m;;technosphere;JPN;ecoinvent_cutoff_3.9_remind_SSP2-PkBudg500_2030
04bb51bad2fc4a08a8e13b5a0d52ab2d;carbon dioxide storage from hard coal, post, pipeline 400km, storage 1000m;NEU;carbon dioxide storage from hard coal, post, pipeline 400km, storage 1000m;;[];carbon dioxide storage from hard coal, post, pipeline 400km, storage 1000m;-1.0;kilogram;carbon dioxide storage from hard coal, post, pipeline 400km, storage 1000m;1.0;production;NEU;ecoinvent_cutoff_3.9_remind_SSP2-PkBudg500_2030
04c12b30b9c0406f89ced764e7b7dd23;electricity production, at lignite-fired power plant, post, pipeline 200km, storage 1000m;MEA;electricity, high voltage;;[];carbon dioxide, captured from lignite, post, pipeline 200km, storage 1000m;-1.0960335704332689;kilogram;carbon dioxide, captured from lignite, post, pipeline 200km, storage 1000m;;technosphere;MEA;ecoinvent_cutoff_3.9_remind_SSP2-PkBudg500_2030
04cfa60af02a44fd870cde2a04496156;carbon dioxide, captured from atmosphere, with a sorbent-based direct air capture system, 100ktCO2, with heat pump heat, and grid electricity;EUR;carbon dioxide, captured from atmosphere;;[];carbon dioxide, captured from atmosphere, with a sorbent-based direct air capture system, 100ktCO2, with heat pump heat, and grid electricity;-1.0;kilogram;carbon dioxide, captured from atmosphere;1.0;production;EUR;ecoinvent_cutoff_3.9_remind_SSP2-PkBudg500_2030
04e4e2b204034b06b26365cdbea06783;carbon dioxide, captured from atmosphere, with a sorbent-based direct air capture system, 100ktCO2, with industrial steam heat, and grid electricity;IND;carbon dioxide, captured from atmosphere;;[];carbon dioxide, captured from atmosphere, with a sorbent-based direct air capture system, 100ktCO2, with industrial steam heat, and grid electricity;-1.0;kilogram;carbon dioxide, captured from atmosphere;1.0;production;IND;ecoinvent_cutoff_3.9_remind_SSP2-PkBudg500_2030
04fbfb6ecf4445b2a75c74acae597540;carbon dioxide storage from lignite, pre, pipeline 200km, storage 1000m;REF;carbon dioxide storage from lignite, pre, pipeline 200km, storage 1000m;;[];carbon dioxide storage from lignite, pre, pipeline 200km, storage 1000m;-1.0;kilogram;carbon dioxide storage from lignite, pre, pipeline 200km, storage 1000m;1.0;production;REF;ecoinvent_cutoff_3.9_remind_SSP2-PkBudg500_2030
056fdb7f48b24cb19556af80fed09b99;steel production, electric, chromium steel 18/8;NEU;steel, chromium steel 18/8;;[('ISIC rev.4 ecoinvent', '2410:Manufacture of basic iron and steel'), ('CPC', '41122: Alloy steel in ingots or other primary forms and semi-finished products of alloy steel')];carbon dioxide, captured at steel production plant, with underground storage, post, 200 km;-0.016242172457632514;kilogram;carbon dioxide, captured and stored;0.0;technosphere;NEU;ecoinvent_cutoff_3.9_remind_SSP2-PkBudg500_2030
05b4df83efeb48c8a148c0906ab8054c;carbon dioxide storage from lignite, post, pipeline 200km, storage 1000m;OAS;carbon dioxide storage from lignite, post, pipeline 200km, storage 1000m;;[];carbon dioxide storage from lignite, post, pipeline 200km, storage 1000m;-1.0;kilogram;carbon dioxide storage from lignite, post, pipeline 200km, storage 1000m;1.0;production;OAS;ecoinvent_cutoff_3.9_remind_SSP2-PkBudg500_2030
05cdab1e646a46f68a6425a2e32dbd82;ethanol production, via fermentation, from eucalyptus, with carbon capture and storage;MEA;ethanol, from eucalyptus;;[];carbon dioxide storage at wood burning power plant 20 MW post, pipeline 200km, storage 1000m;-4.095;kilogram;carbon dioxide storage at wood burning power plant 20 MW post, pipeline 200km, storage 1000m;;technosphere;MEA;ecoinvent_cutoff_3.9_remind_SSP2-PkBudg500_2030
05e9821d4c0b4772a150bad5980ca4a1;carbon dioxide storage from hard coal, post, pipeline 400km, storage 1000m;EUR;carbon dioxide storage from hard coal, post, pipeline 400km, storage 1000m;;[];carbon dioxide storage from hard coal, post, pipeline 400km, storage 1000m;-1.0;kilogram;carbon dioxide storage from hard coal, post, pipeline 400km, storage 1000m;1.0;production;EUR;ecoinvent_cutoff_3.9_remind_SSP2-PkBudg500_2030
0645f8f1870a422baa1e1cf99af9aab6;carbon dioxide storage at wood burning power plant 20 MW post, pipeline 400km, storage 3000m;JPN;carbon dioxide storage at wood burning power plant 20 MW post, pipeline 400km, storage 3000m;;[];carbon dioxide storage at wood burning power plant 20 MW post, pipeline 400km, storage 3000m;-1.0;kilogram;carbon dioxide storage at wood burning power plant 20 MW post, pipeline 400km, storage 3000m;1.0;production;JPN;ecoinvent_cutoff_3.9_remind_SSP2-PkBudg500_2030
0653eaee63d84fa6a3cb10e3fb7b3d90;carbon dioxide, captured from natural gas, post, 400km pipeline, storage 1000m;CHA;carbon dioxide, captured from natural gas, post, 400km pipeline, storage 1000m;;[];carbon dioxide, captured from natural gas, post, 400km pipeline, storage 1000m;-1.0;kilogram;carbon dioxide, captured from natural gas, post, 400km pipeline, storage 1000m;1.0;production;CHA;ecoinvent_cutoff_3.9_remind_SSP2-PkBudg500_2030
0653eaee63d84fa6a3cb10e3fb7b3d90;carbon dioxide, captured from natural gas, post, 400km pipeline, storage 1000m;CHA;carbon dioxide, captured from natural gas, post, 400km pipeline, storage 1000m;;[];carbon dioxide storage from natural gas, post, 400km pipeline, storage 1000m;-1.0;kilogram;carbon dioxide storage from natural gas, post, 400km pipeline, storage 1000m;;technosphere;CHA;ecoinvent_cutoff_3.9_remind_SSP2-PkBudg500_2030
066252e236984894ac6e0101e511ba55;carbon dioxide storage from hard coal, post, pipeline 400km, storage 1000m;SSA;carbon dioxide storage from hard coal, post, pipeline 400km, storage 1000m;;[];carbon dioxide storage from hard coal, post, pipeline 400km, storage 1000m;-1.0;kilogram;carbon dioxide storage from hard coal, post, pipeline 400km, storage 1000m;1.0;production;SSA;ecoinvent_cutoff_3.9_remind_SSP2-PkBudg500_2030
066ed4ded3dd4bc3bc98ac9aff3ec229;carbon dioxide storage from hard coal, oxy, pipeline 400km, storage 3000m;OAS;carbon dioxide storage from hard coal, oxy, pipeline 400km, storage 3000m;;[];carbon dioxide storage from hard coal, oxy, pipeline 400km, storage 3000m;-1.0;kilogram;carbon dioxide storage from hard coal, oxy, pipeline 400km, storage 3000m;1.0;production;OAS;ecoinvent_cutoff_3.9_remind_SSP2-PkBudg500_2030
073bba3048594c6298da1756b3f0d549;carbon dioxide storage from natural gas, pre, 200km pipeline, storage 1000m;OAS;carbon dioxide storage from natural gas, pre, 200km pipeline, storage 1000m;;[];carbon dioxide storage from natural gas, pre, 200km pipeline, storage 1000m;-1.0;kilogram;carbon dioxide storage from natural gas, pre, 200km pipeline, storage 1000m;1.0;production;OAS;ecoinvent_cutoff_3.9_remind_SSP2-PkBudg500_2030
074c4865fbb040199b493f064e4c8cd7;methane, from electrochemical methanation, with carbon from cement plant;RER;methane, from electrochemical methanation;;[];carbon dioxide, captured at cement production plant, for subsequent reuse;-2.750348675034868;kilogram;carbon dioxide, captured and reused;;technosphere;RER;ecoinvent_cutoff_3.9_remind_SSP2-PkBudg500_2030
07bf27e13db541d797f4e95d548b6d75;carbon dioxide storage from hard coal, post, pipeline 400km, storage 3000m;LAM;carbon dioxide storage from hard coal, post, pipeline 400km, storage 3000m;;[];carbon dioxide storage from hard coal, post, pipeline 400km, storage 3000m;-1.0;kilogram;carbon dioxide storage from hard coal, post, pipeline 400km, storage 3000m;1.0;production;LAM;ecoinvent_cutoff_3.9_remind_SSP2-PkBudg500_2030
07df4d399cb74f28a6481f86eb44f910;carbon dioxide, captured from atmosphere, with a sorbent-based direct air capture system, 100ktCO2, with waste heat, and grid electricity;CAZ;carbon dioxide, captured from atmosphere;;[];carbon dioxide, captured from atmosphere, with a sorbent-based direct air capture system, 100ktCO2, with waste heat, and grid electricity;-1.0;kilogram;carbon dioxide, captured from atmosphere;1.0;production;CAZ;ecoinvent_cutoff_3.9_remind_SSP2-PkBudg500_2030
07f6df0df26f480fa4034bc752428e78;pig iron production;USA;pig iron;;[('ISIC rev.4 ecoinvent', '2410:Manufacture of basic iron and steel'), ('CPC', '41111: Pig iron and spiegeleisen in pigs, blocks or other primary forms')];carbon dioxide, captured at steel production plant, with underground storage, post, 200 km;-0.2809856192028372;kilogram;carbon dioxide, captured and stored;0.0;technosphere;USA;ecoinvent_cutoff_3.9_remind_SSP2-PkBudg500_2030
084a7661a4dd46468d91e6e84ee8f659;steel production, electric, chromium steel 18/8;CHA;steel, chromium steel 18/8;;[('ISIC rev.4 ecoinvent', '2410:Manufacture of basic iron and steel'), ('CPC', '41122: Alloy steel in ingots or other primary forms and semi-finished products of alloy steel')];carbon dioxide, captured at steel production plant, with underground storage, post, 200 km;-0.012534567653418885;kilogram;carbon dioxide, captured and stored;0.0;technosphere;CHA;ecoinvent_cutoff_3.9_remind_SSP2-PkBudg500_2030
085685fc7d3d4d2485ffefd309e243b6;carbon dioxide storage at synthetic natural gas plant, post, 400km pipeline, storage 3000m;SSA;carbon dioxide storage at synthetic natural gas plant, post, 400km pipeline, storage 3000m;;[];carbon dioxide storage at synthetic natural gas plant, post, 400km pipeline, storage 3000m;-1.0;kilogram;carbon dioxide storage at synthetic natural gas plant, post, 400km pipeline, storage 3000m;1.0;production;SSA;ecoinvent_cutoff_3.9_remind_SSP2-PkBudg500_2030
0858449ad815452a987fa65ec764eac3;carbon dioxide, captured from lignite, pre, pipeline 200km, storage 1000m;REF;carbon dioxide, captured from lignite, pre, pipeline 200km, storage 1000m;;[];carbon dioxide, captured from lignite, pre, pipeline 200km, storage 1000m;-1.0;kilogram;carbon dioxide, captured from lignite, pre, pipeline 200km, storage 1000m;1.0;production;REF;ecoinvent_cutoff_3.9_remind_SSP2-PkBudg500_2030
0858449ad815452a987fa65ec764eac3;carbon dioxide, captured from lignite, pre, pipeline 200km, storage 1000m;REF;carbon dioxide, captured from lignite, pre, pipeline 200km, storage 1000m;;[];carbon dioxide storage from lignite, pre, pipeline 200km, storage 1000m;-1.0;kilogram;carbon dioxide storage from lignite, pre, pipeline 200km, storage 1000m;;technosphere;REF;ecoinvent_cutoff_3.9_remind_SSP2-PkBudg500_2030
086a7aa54bcf4a58875c992402a3aa8c;hydrogen production, gaseous, 25 bar, from gasification of woody biomass in entrained flow gasifier, with CCS, at gasification plant;MEA;hydrogen, gaseous, 25 bar;;[];carbon dioxide, captured at hydrogen production plant, pre, pipeline 200km, storage 1000m;-19.58557;kilogram;carbon dioxide, captured at hydrogen production plant, pre, pipeline 200km, storage 1000m;;technosphere;RER;ecoinvent_cutoff_3.9_remind_SSP2-PkBudg500_2030
08f8d55f60964dc6b4f101ac5d447807;carbon monoxide, from RWGS, for Fischer Tropsch process, hydrogen from electrolysis;REF;carbon monoxide, from RWGS;;[];carbon dioxide, captured from atmosphere, with a solvent-based direct air capture system, 1MtCO2, with heat pump heat, and grid electricity;-1.57;kilogram;carbon dioxide, captured from atmosphere;;technosphere;REF;ecoinvent_cutoff_3.9_remind_SSP2-PkBudg500_2030
08fd35a7359c4998939727456d303b40;carbon dioxide, captured from lignite, oxy, pipeline 200km, storage 1000m;MEA;carbon dioxide, captured from lignite, oxy, pipeline 200km, storage 1000m;;[];carbon dioxide, captured from lignite, oxy, pipeline 200km, storage 1000m;-1.0;kilogram;carbon dioxide, captured from lignite, oxy, pipeline 200km, storage 1000m;1.0;production;MEA;ecoinvent_cutoff_3.9_remind_SSP2-PkBudg500_2030
08fd35a7359c4998939727456d303b40;carbon dioxide, captured from lignite, oxy, pipeline 200km, storage 1000m;MEA;carbon dioxide, captured from lignite, oxy, pipeline 200km, storage 1000m;;[];carbon dioxide storage from lignite, oxy, pipeline 200km, storage 1000m;-1.0;kilogram;carbon dioxide storage from lignite, oxy, pipeline 200km, storage 1000m;;technosphere;MEA;ecoinvent_cutoff_3.9_remind_SSP2-PkBudg500_2030
09f33a777a1642bca53e613bf57d6134;carbon dioxide storage from hard coal, oxy, pipeline 400km, storage 3000m;EUR;carbon dioxide storage from hard coal, oxy, pipeline 400km, storage 3000m;;[];carbon dioxide storage from hard coal, oxy, pipeline 400km, storage 3000m;-1.0;kilogram;carbon dioxide storage from hard coal, oxy, pipeline 400km, storage 3000m;1.0;production;EUR;ecoinvent_cutoff_3.9_remind_SSP2-PkBudg500_2030
0a02a0974a85454699654523981e017a;carbon dioxide storage at synthetic natural gas plant, post, 200km pipeline, storage 1000m;LAM;carbon dioxide storage at synthetic natural gas plant, post, 200km pipeline, storage 1000m;;[];carbon dioxide storage at synthetic natural gas plant, post, 200km pipeline, storage 1000m;-1.0;kilogram;carbon dioxide storage at synthetic natural gas plant, post, 200km pipeline, storage 1000m;1.0;production;LAM;ecoinvent_cutoff_3.9_remind_SSP2-PkBudg500_2030
0a0c81f3bb2f4e2483ec35fd5b478699;carbon dioxide storage from lignite, pre, pipeline 200km, storage 1000m;CAZ;carbon dioxide storage from lignite, pre, pipeline 200km, storage 1000m;;[];carbon dioxide storage from lignite, pre, pipeline 200km, storage 1000m;-1.0;kilogram;carbon dioxide storage from lignite, pre, pipeline 200km, storage 1000m;1.0;production;CAZ;ecoinvent_cutoff_3.9_remind_SSP2-PkBudg500_2030
0a6d69de23d347268d44e2001c70a270;carbon dioxide storage at synthetic natural gas plant, post, 200km pipeline, storage 1000m;CAZ;carbon dioxide storage at synthetic natural gas plant, post, 200km pipeline, storage 1000m;;[];carbon dioxide storage at synthetic natural gas plant, post, 200km pipeline, storage 1000m;-1.0;kilogram;carbon dioxide storage at synthetic natural gas plant, post, 200km pipeline, storage 1000m;1.0;production;CAZ;ecoinvent_cutoff_3.9_remind_SSP2-PkBudg500_2030
0adf4b900ddd4a73a0f86aa4adbcae72;carbon dioxide storage from natural gas, pre, 400km pipeline, storage 3000m;USA;carbon dioxide storage from natural gas, pre, 400km pipeline, storage 3000m;;[];carbon dioxide storage from natural gas, pre, 400km pipeline, storage 3000m;-1.0;kilogram;carbon dioxide storage from natural gas, pre, 400km pipeline, storage 3000m;1.0;production;USA;ecoinvent_cutoff_3.9_remind_SSP2-PkBudg500_2030
0b0d4ae325e44f568c88a4fc00fb241a;carbon dioxide storage at hydrogen production plant, pre, pipeline 400km, storage 3000m;JPN;carbon dioxide storage at hydrogen production plant, pre, pipeline 400km, storage 3000m;;[];carbon dioxide storage at hydrogen production plant, pre, pipeline 400km, storage 3000m;-1.0;kilogram;carbon dioxide storage at hydrogen production plant, pre, pipeline 400km, storage 3000m;1.0;production;JPN;ecoinvent_cutoff_3.9_remind_SSP2-PkBudg500_2030
0b2b7f9c6f3b4c81a11fc366b0546b6a;pig iron production;MEA;pig iron;;[('ISIC rev.4 ecoinvent', '2410:Manufacture of basic iron and steel'), ('CPC', '41111: Pig iron and spiegeleisen in pigs, blocks or other primary forms')];carbon dioxide, captured at steel production plant, with underground storage, post, 200 km;-0.28747841558750714;kilogram;carbon dioxide, captured and stored;0.0;technosphere;MEA;ecoinvent_cutoff_3.9_remind_SSP2-PkBudg500_2030
0b301118102a41fb87be387437b31a8b;carbon dioxide storage from hard coal, oxy, pipeline 400km, storage 3000m;JPN;carbon dioxide storage from hard coal, oxy, pipeline 400km, storage 3000m;;[];carbon dioxide storage from hard coal, oxy, pipeline 400km, storage 3000m;-1.0;kilogram;carbon dioxide storage from hard coal, oxy, pipeline 400km, storage 3000m;1.0;production;JPN;ecoinvent_cutoff_3.9_remind_SSP2-PkBudg500_2030
0bdbd4f7cb764755a7f1614a93a601d9;electricity production, at lignite-fired power plant, post, pipeline 200km, storage 1000m;NEU;electricity, high voltage;;[];carbon dioxide, captured from lignite, post, pipeline 200km, storage 1000m;-1.0645714285714285;kilogram;carbon dioxide, captured from lignite, post, pipeline 200km, storage 1000m;;technosphere;NEU;ecoinvent_cutoff_3.9_remind_SSP2-PkBudg500_2030
0c35c6029aac4fd08430457dde83781b;steel production, electric, chromium steel 18/8;OAS;steel, chromium steel 18/8;;[('ISIC rev.4 ecoinvent', '2410:Manufacture of basic iron and steel'), ('CPC', '41122: Alloy steel in ingots or other primary forms and semi-finished products of alloy steel')];carbon dioxide, captured at steel production plant, with underground storage, post, 200 km;-0.014573487665873859;kilogram;carbon dioxide, captured and stored;0.0;technosphere;OAS;ecoinvent_cutoff_3.9_remind_SSP2-PkBudg500_2030
0c86e6c9f8d447de8351514e69cb0a5f;carbon monoxide, from RWGS, for Fischer Tropsch process, hydrogen from electrolysis;JPN;carbon monoxide, from RWGS;;[];carbon dioxide, captured from atmosphere, with a solvent-based direct air capture system, 1MtCO2, with heat pump heat, and grid electricity;-1.57;kilogram;carbon dioxide, captured from atmosphere;;technosphere;JPN;ecoinvent_cutoff_3.9_remind_SSP2-PkBudg500_2030
0c99cf2cca7b48818b0f0dff0c364204;carbon dioxide, captured from atmosphere, with a solvent-based direct air capture system, 1MtCO2, with heat pump heat, and grid electricity;CAZ;carbon dioxide, captured from atmosphere;;[];carbon dioxide, captured from atmosphere, with a solvent-based direct air capture system, 1MtCO2, with heat pump heat, and grid electricity;-1.0;kilogram;carbon dioxide, captured from atmosphere;1.0;production;CAZ;ecoinvent_cutoff_3.9_remind_SSP2-PkBudg500_2030
0d7a5cb38c4649a799714a465f8a4d4d;electricity production, at lignite-fired power plant, post, pipeline 200km, storage 1000m;IND;electricity, high voltage;;[];carbon dioxide, captured from lignite, post, pipeline 200km, storage 1000m;-1.0645714285714285;kilogram;carbon dioxide, captured from lignite, post, pipeline 200km, storage 1000m;;technosphere;IND;ecoinvent_cutoff_3.9_remind_SSP2-PkBudg500_2030
0dafcd1eaa8d4c808b456ffe15437b53;carbon dioxide, captured from atmosphere, with a sorbent-based direct air capture system, 100ktCO2, with heat pump heat, and grid electricity;USA;carbon dioxide, captured from atmosphere;;[];carbon dioxide, captured from atmosphere, with a sorbent-based direct air capture system, 100ktCO2, with heat pump heat, and grid electricity;-1.0;kilogram;carbon dioxide, captured from atmosphere;1.0;production;USA;ecoinvent_cutoff_3.9_remind_SSP2-PkBudg500_2030
0dbe889b71fc46dea8d337ec554d0b1a;carbon dioxide storage from natural gas, post, 200km pipeline, storage 1000m;JPN;carbon dioxide storage from natural gas, post, 200km pipeline, storage 1000m;;[];carbon dioxide storage from natural gas, post, 200km pipeline, storage 1000m;-1.0;kilogram;carbon dioxide storage from natural gas, post, 200km pipeline, storage 1000m;1.0;production;JPN;ecoinvent_cutoff_3.9_remind_SSP2-PkBudg500_2030
0e30c63252b24c5ba6d236d81eed6f8d;carbon dioxide, captured from hard coal-fired power plant, post, pipeline 400km, storage 1000m;EUR;carbon dioxide, captured from hard coal-fired power plant, post, pipeline 400km, storage 1000m;;[];carbon dioxide, captured from hard coal-fired power plant, post, pipeline 400km, storage 1000m;-1.0;kilogram;carbon dioxide, captured from hard coal-fired power plant, post, pipeline 400km, storage 1000m;1.0;production;EUR;ecoinvent_cutoff_3.9_remind_SSP2-PkBudg500_2030
0e30c63252b24c5ba6d236d81eed6f8d;carbon dioxide, captured from hard coal-fired power plant, post, pipeline 400km, storage 1000m;EUR;carbon dioxide, captured from hard coal-fired power plant, post, pipeline 400km, storage 1000m;;[];carbon dioxide storage from hard coal, post, pipeline 400km, storage 1000m;-1.0;kilogram;carbon dioxide storage from hard coal, post, pipeline 400km, storage 1000m;;technosphere;EUR;ecoinvent_cutoff_3.9_remind_SSP2-PkBudg500_2030
0e9cd5d2af214ad59e5499a429f0f14a;methane, from biological methanation, with carbon from atmosphere, using waste heat;NEU;methane, from biological methanation;;[];carbon dioxide, captured from atmosphere, with a sorbent-based direct air capture system, 100ktCO2, with waste heat, and grid electricity;-2.75;kilogram;carbon dioxide, captured from atmosphere;;technosphere;NEU;ecoinvent_cutoff_3.9_remind_SSP2-PkBudg500_2030
0ea3d0801085424f87543855f72efc26;carbon dioxide storage at hydrogen production plant, pre, pipeline 400km, storage 3000m;NEU;carbon dioxide storage at hydrogen production plant, pre, pipeline 400km, storage 3000m;;[];carbon dioxide storage at hydrogen production plant, pre, pipeline 400km, storage 3000m;-1.0;kilogram;carbon dioxide storage at hydrogen production plant, pre, pipeline 400km, storage 3000m;1.0;production;NEU;ecoinvent_cutoff_3.9_remind_SSP2-PkBudg500_2030
0ef21b98b6dd4c9aa1174658c897d949;carbon dioxide storage from natural gas, pre, 400km pipeline, storage 3000m;REF;carbon dioxide storage from natural gas, pre, 400km pipeline, storage 3000m;;[];carbon dioxide storage from natural gas, pre, 400km pipeline, storage 3000m;-1.0;kilogram;carbon dioxide storage from natural gas, pre, 400km pipeline, storage 3000m;1.0;production;REF;ecoinvent_cutoff_3.9_remind_SSP2-PkBudg500_2030
0f2776299d9c4cbc94c27685212438d3;carbon dioxide storage from hard coal, post, pipeline 200km, storage 1000m;JPN;carbon dioxide storage from hard coal, post, pipeline 200km, storage 1000m;;[];carbon dioxide storage from hard coal, post, pipeline 200km, storage 1000m;-1.0;kilogram;carbon dioxide storage from hard coal, post, pipeline 200km, storage 1000m;1.0;production;JPN;ecoinvent_cutoff_3.9_remind_SSP2-PkBudg500_2030
0f4e6c7fabd046b6a5f11b349c68ab0f;electricity production, at hard coal-fired power plant, oxy, pipeline 200km, storage 1000m;SSA;electricity, high voltage;;[];carbon dioxide, captured from hard coal-fired power plant, oxy, pipeline 200km, storage 1000m;-0.9576000000000001;kilogram;carbon dioxide, captured from hard coal-fired power plant, oxy, pipeline 200km, storage 1000m;;technosphere;SSA;ecoinvent_cutoff_3.9_remind_SSP2-PkBudg500_2030
0fc2b202f2354318903cd810c778962c;carbon dioxide, captured from natural gas, post, 400km pipeline, storage 1000m;CAZ;carbon dioxide, captured from natural gas, post, 400km pipeline, storage 1000m;;[];carbon dioxide, captured from natural gas, post, 400km pipeline, storage 1000m;-1.0;kilogram;carbon dioxide, captured from natural gas, post, 400km pipeline, storage 1000m;1.0;production;CAZ;ecoinvent_cutoff_3.9_remind_SSP2-PkBudg500_2030
0fc2b202f2354318903cd810c778962c;carbon dioxide, captured from natural gas, post, 400km pipeline, storage 1000m;CAZ;carbon dioxide, captured from natural gas, post, 400km pipeline, storage 1000m;;[];carbon dioxide storage from natural gas, post, 400km pipeline, storage 1000m;-1.0;kilogram;carbon dioxide storage from natural gas, post, 400km pipeline, storage 1000m;;technosphere;CAZ;ecoinvent_cutoff_3.9_remind_SSP2-PkBudg500_2030
0feabcec0b934de49dd2da289c022349;carbon dioxide storage at synthetic natural gas plant, post, 200km pipeline, storage 1000m;EUR;carbon dioxide storage at synthetic natural gas plant, post, 200km pipeline, storage 1000m;;[];carbon dioxide storage at synthetic natural gas plant, post, 200km pipeline, storage 1000m;-1.0;kilogram;carbon dioxide storage at synthetic natural gas plant, post, 200km pipeline, storage 1000m;1.0;production;EUR;ecoinvent_cutoff_3.9_remind_SSP2-PkBudg500_2030
10019cae7d714761b49ff442d59edcc2;electricity production, at lignite-fired IGCC power plant, pre, pipeline 200km, storage 1000m;World;electricity, high voltage;;[];carbon dioxide, captured from lignite, pre, pipeline 200km, storage 1000m;-0.9379980936486491;kilogram;carbon dioxide, captured from lignite, pre, pipeline 200km, storage 1000m;;technosphere;World;ecoinvent_cutoff_3.9_remind_SSP2-PkBudg500_2030
102b34de3936490b87ce19be5bf2b82f;carbon dioxide, captured from atmosphere, with a sorbent-based direct air capture system, 100ktCO2, with industrial steam heat, and grid electricity;JPN;carbon dioxide, captured from atmosphere;;[];carbon dioxide, captured from atmosphere, with a sorbent-based direct air capture system, 100ktCO2, with industrial steam heat, and grid electricity;-1.0;kilogram;carbon dioxide, captured from atmosphere;1.0;production;JPN;ecoinvent_cutoff_3.9_remind_SSP2-PkBudg500_2030
1037ac38b1bc447f9b300f91425bf1d4;carbon dioxide storage from hard coal, pre, pipeline 400km, storage 3000m;REF;carbon dioxide storage from hard coal, pre, pipeline 400km, storage 3000m;;[];carbon dioxide storage from hard coal, pre, pipeline 400km, storage 3000m;-1.0;kilogram;carbon dioxide storage from hard coal, pre, pipeline 400km, storage 3000m;1.0;production;REF;ecoinvent_cutoff_3.9_remind_SSP2-PkBudg500_2030
1046f351411745cd889bbf902d9f2607;ethanol production, via fermentation, from corn, with carbon capture and storage, energy allocation;OAS;ethanol, from corn;;[];carbon dioxide storage at wood burning power plant 20 MW post, pipeline 200km, storage 1000m;-1.1946233679702067;kilogram;carbon dioxide storage at wood burning power plant 20 MW post, pipeline 200km, storage 1000m;;technosphere;OAS;ecoinvent_cutoff_3.9_remind_SSP2-PkBudg500_2030
1051bd249fcd49b5826ba57b6284874e;carbon dioxide storage from lignite, pre, pipeline 200km, storage 1000m;CHA;carbon dioxide storage from lignite, pre, pipeline 200km, storage 1000m;;[];carbon dioxide storage from lignite, pre, pipeline 200km, storage 1000m;-1.0;kilogram;carbon dioxide storage from lignite, pre, pipeline 200km, storage 1000m;1.0;production;CHA;ecoinvent_cutoff_3.9_remind_SSP2-PkBudg500_2030
108fe3f4aed64432a62a29920bf49323;electricity production, at lignite-fired power plant, post, pipeline 200km, storage 1000m;USA;electricity, high voltage;;[];carbon dioxide, captured from lignite, post, pipeline 200km, storage 1000m;-1.0807443654545454;kilogram;carbon dioxide, captured from lignite, post, pipeline 200km, storage 1000m;;technosphere;USA;ecoinvent_cutoff_3.9_remind_SSP2-PkBudg500_2030
10924d67d43945aaa365b58e37dc742c;carbon dioxide storage from hard coal, post, pipeline 200km, storage 1000m;MEA;carbon dioxide storage from hard coal, post, pipeline 200km, storage 1000m;;[];carbon dioxide storage from hard coal, post, pipeline 200km, storage 1000m;-1.0;kilogram;carbon dioxide storage from hard coal, post, pipeline 200km, storage 1000m;1.0;production;MEA;ecoinvent_cutoff_3.9_remind_SSP2-PkBudg500_2030
10beb8a91f0f4a5db378a43c478eac71;electricity production, at biomass-fired IGCC power plant, pre, pipeline 200km, storage 1000m;CAZ;electricity, high voltage;;[];carbon dioxide, captured at wood burning power plant 20 MW post, pipeline 200km, storage 1000m;-0.9143419354838712;kilogram;carbon dioxide, captured at wood burning power plant 20 MW post, pipeline 200km, storage 1000m;;technosphere;CAZ;ecoinvent_cutoff_3.9_remind_SSP2-PkBudg500_2030
10ec80ef71204b15ac18cf199f59bf55;methane, from biological methanation, with carbon from atmosphere, using waste heat;CAZ;methane, from biological methanation;;[];carbon dioxide, captured from atmosphere, with a sorbent-based direct air capture system, 100ktCO2, with waste heat, and grid electricity;-2.75;kilogram;carbon dioxide, captured from atmosphere;;technosphere;CAZ;ecoinvent_cutoff_3.9_remind_SSP2-PkBudg500_2030
1118344204a448eaada8c360d17653d2;carbon dioxide storage from natural gas, post, 400km pipeline, storage 1000m;MEA;carbon dioxide storage from natural gas, post, 400km pipeline, storage 1000m;;[];carbon dioxide storage from natural gas, post, 400km pipeline, storage 1000m;-1.0;kilogram;carbon dioxide storage from natural gas, post, 400km pipeline, storage 1000m;1.0;production;MEA;ecoinvent_cutoff_3.9_remind_SSP2-PkBudg500_2030
1190d1d504af4672aa0a57d21f70ebc8;carbon dioxide storage from natural gas, post, 400km pipeline, storage 3000m;CAZ;carbon dioxide storage from natural gas, post, 400km pipeline, storage 3000m;;[];carbon dioxide storage from natural gas, post, 400km pipeline, storage 3000m;-1.0;kilogram;carbon dioxide storage from natural gas, post, 400km pipeline, storage 3000m;1.0;production;CAZ;ecoinvent_cutoff_3.9_remind_SSP2-PkBudg500_2030
11bbd44ee90c422c817a9384d05ba781;carbon dioxide, captured from atmosphere and stored, with a sorbent-based direct air capture system, 100ktCO2, with industrial steam heat, and grid electricity;CAZ;carbon dioxide, captured from atmosphere;;[];carbon dioxide, captured from atmosphere and stored, with a sorbent-based direct air capture system, 100ktCO2, with industrial steam heat, and grid electricity;-1.0;kilogram;carbon dioxide, captured from atmosphere;1.0;production;CAZ;ecoinvent_cutoff_3.9_remind_SSP2-PkBudg500_2030
12c7ae656d7b437fb72ab277f4a880c1;carbon dioxide storage from hard coal, oxy, pipeline 400km, storage 3000m;CAZ;carbon dioxide storage from hard coal, oxy, pipeline 400km, storage 3000m;;[];carbon dioxide storage from hard coal, oxy, pipeline 400km, storage 3000m;-1.0;kilogram;carbon dioxide storage from hard coal, oxy, pipeline 400km, storage 3000m;1.0;production;CAZ;ecoinvent_cutoff_3.9_remind_SSP2-PkBudg500_2030
12ca364a9b1e4a89964e4b91a039be22;carbon dioxide storage from hard coal, post, pipeline 400km, storage 3000m;JPN;carbon dioxide storage from hard coal, post, pipeline 400km, storage 3000m;;[];carbon dioxide storage from hard coal, post, pipeline 400km, storage 3000m;-1.0;kilogram;carbon dioxide storage from hard coal, post, pipeline 400km, storage 3000m;1.0;production;JPN;ecoinvent_cutoff_3.9_remind_SSP2-PkBudg500_2030
12fe51f21bad42bd8684b748339bdfec;electricity production, at lignite-fired IGCC power plant, pre, pipeline 200km, storage 1000m;NEU;electricity, high voltage;;[];carbon dioxide, captured from lignite, pre, pipeline 200km, storage 1000m;-0.924548158523471;kilogram;carbon dioxide, captured from lignite, pre, pipeline 200km, storage 1000m;;technosphere;NEU;ecoinvent_cutoff_3.9_remind_SSP2-PkBudg500_2030
134037df44be462b959dbec48cdd18c3;carbon dioxide, captured from atmosphere, with a sorbent-based direct air capture system, 100ktCO2, with heat pump heat, and grid electricity;OAS;carbon dioxide, captured from atmosphere;;[];carbon dioxide, captured from atmosphere, with a sorbent-based direct air capture system, 100ktCO2, with heat pump heat, and grid electricity;-1.0;kilogram;carbon dioxide, captured from atmosphere;1.0;production;OAS;ecoinvent_cutoff_3.9_remind_SSP2-PkBudg500_2030
134498dc47ab4444b6b3f9cb20ac329f;methane, from biological methanation, with carbon from atmosphere, using heat pump heat;JPN;methane, from biological methanation;;[];carbon dioxide, captured from atmosphere, with a solvent-based direct air capture system, 1MtCO2, with heat pump heat, and grid electricity;-2.75;kilogram;carbon dioxide, captured from atmosphere;;technosphere;JPN;ecoinvent_cutoff_3.9_remind_SSP2-PkBudg500_2030
13a36328b3174bd4abf0291a29d13996;hydrogen production, steam methane reforming of natural gas, with CCS (MDEA, 98% eff.), 25 bar;SSA;hydrogen, gaseous, 25 bar;;[];carbon dioxide, captured at hydrogen production plant, pre, pipeline 200km, storage 1000m;-6.161167019605815;kilogram;carbon dioxide, captured at hydrogen production plant, pre, pipeline 200km, storage 1000m;;technosphere;RER;ecoinvent_cutoff_3.9_remind_SSP2-PkBudg500_2030
13ca00adbc544feaa3020ed6f8e2895c;carbon dioxide storage from lignite, post, pipeline 200km, storage 1000m;EUR;carbon dioxide storage from lignite, post, pipeline 200km, storage 1000m;;[];carbon dioxide storage from lignite, post, pipeline 200km, storage 1000m;-1.0;kilogram;carbon dioxide storage from lignite, post, pipeline 200km, storage 1000m;1.0;production;EUR;ecoinvent_cutoff_3.9_remind_SSP2-PkBudg500_2030
14230a9ff27e4e099f3496ad25f84803;heat production, at co-generation oil-fired power plant, post, pipeline 200km, storage 1000m;RER;heat, district or industrial, other than natural gas;;[];carbon dioxide, captured from hard coal-fired power plant, post, pipeline 200km, storage 1000m;-0.029302470000000004;kilogram;carbon dioxide, captured from hard coal-fired power plant, post, pipeline 200km, storage 1000m;;technosphere;EUR;ecoinvent_cutoff_3.9_remind_SSP2-PkBudg500_2030
144cf83164384c0e9d3140e3f8fad853;methane, from electrochemical methanation, with carbon from atmosphere, using heat pump heat;CHA;methane, from electrochemical methanation;;[];carbon dioxide, captured from atmosphere, with a solvent-based direct air capture system, 1MtCO2, with heat pump heat, and grid electricity;-2.750348675034868;kilogram;carbon dioxide, captured from atmosphere;;technosphere;CHA;ecoinvent_cutoff_3.9_remind_SSP2-PkBudg500_2030
14721b4b2688481ea8b9a32eb4153ead;carbon dioxide storage at synthetic natural gas plant, post, 400km pipeline, storage 3000m;IND;carbon dioxide storage at synthetic natural gas plant, post, 400km pipeline, storage 3000m;;[];carbon dioxide storage at synthetic natural gas plant, post, 400km pipeline, storage 3000m;-1.0;kilogram;carbon dioxide storage at synthetic natural gas plant, post, 400km pipeline, storage 3000m;1.0;production;IND;ecoinvent_cutoff_3.9_remind_SSP2-PkBudg500_2030
1485deba45d04ffcbf5b78ead710b21d;steel production, electric, chromium steel 18/8;World;steel, chromium steel 18/8;;[('ISIC rev.4 ecoinvent', '2410:Manufacture of basic iron and steel'), ('CPC', '41122: Alloy steel in ingots or other primary forms and semi-finished products of alloy steel')];carbon dioxide, captured at steel production plant, with underground storage, post, 200 km;-0.009578785313394185;kilogram;carbon dioxide, captured and stored;0.0;technosphere;World;ecoinvent_cutoff_3.9_remind_SSP2-PkBudg500_2030
1506c6b7efec4350bdb6344f2e2fa847;carbon monoxide, from RWGS, for Fischer Tropsch process, hydrogen from electrolysis;SSA;carbon monoxide, from RWGS;;[];carbon dioxide, captured from atmosphere, with a solvent-based direct air capture system, 1MtCO2, with heat pump heat, and grid electricity;-1.57;kilogram;carbon dioxide, captured from atmosphere;;technosphere;SSA;ecoinvent_cutoff_3.9_remind_SSP2-PkBudg500_2030
153caee32a374fcda7723078a075d9a3;methane, from electrochemical methanation, with carbon from atmosphere, using heat pump heat;NEU;methane, from electrochemical methanation;;[];carbon dioxide, captured from atmosphere, with a solvent-based direct air capture system, 1MtCO2, with heat pump heat, and grid electricity;-2.750348675034868;kilogram;carbon dioxide, captured from atmosphere;;technosphere;NEU;ecoinvent_cutoff_3.9_remind_SSP2-PkBudg500_2030
155aacc5afd64c4ba3060c414a1bc8c0;carbon dioxide, captured from atmosphere, with a sorbent-based direct air capture system, 100ktCO2, with waste heat, and grid electricity;REF;carbon dioxide, captured from atmosphere;;[];carbon dioxide, captured from atmosphere, with a sorbent-based direct air capture system, 100ktCO2, with waste heat, and grid electricity;-1.0;kilogram;carbon dioxide, captured from atmosphere;1.0;production;REF;ecoinvent_cutoff_3.9_remind_SSP2-PkBudg500_2030
158d377d4d7f4db8b7383f90985a411b;carbon dioxide storage from hard coal, pre, pipeline 200km, storage 1000m;NEU;carbon dioxide storage from hard coal, pre, pipeline 200km, storage 1000m;;[];carbon dioxide storage from hard coal, pre, pipeline 200km, storage 1000m;-1.0;kilogram;carbon dioxide storage from hard coal, pre, pipeline 200km, storage 1000m;1.0;production;NEU;ecoinvent_cutoff_3.9_remind_SSP2-PkBudg500_2030
15f6fde77b1847f098fe53bcb1def637;ethanol production, via fermentation, from sugarbeet, with carbon capture and storage, energy allocation;USA;ethanol, from sugarbeet;;[];carbon dioxide storage at wood burning power plant 20 MW post, pipeline 200km, storage 1000m;-1.8047940624999999;kilogram;carbon dioxide storage at wood burning power plant 20 MW post, pipeline 200km, storage 1000m;;technosphere;USA;ecoinvent_cutoff_3.9_remind_SSP2-PkBudg500_2030
160b1b29b3a3445699fa10963213c7ae;ethanol production, via fermentation, from sugarbeet, with carbon capture and storage, energy allocation;EUR;ethanol, from sugarbeet;;[];carbon dioxide storage at wood burning power plant 20 MW post, pipeline 200km, storage 1000m;-1.8047940624999999;kilogram;carbon dioxide storage at wood burning power plant 20 MW post, pipeline 200km, storage 1000m;;technosphere;EUR;ecoinvent_cutoff_3.9_remind_SSP2-PkBudg500_2030
16168eb469f24eb58355ca11b58bf8c0;carbon dioxide storage from lignite, pre, pipeline 400km, storage 3000m;World;carbon dioxide storage from lignite, pre, pipeline 400km, storage 3000m;;[];carbon dioxide storage from lignite, pre, pipeline 400km, storage 3000m;-1.0;kilogram;carbon dioxide storage from lignite, pre, pipeline 400km, storage 3000m;1.0;production;World;ecoinvent_cutoff_3.9_remind_SSP2-PkBudg500_2030
16432a2373004232b28c3acb21dac918;carbon dioxide, captured from atmosphere and stored, with a sorbent-based direct air capture system, 100ktCO2, with waste heat, and grid electricity;NEU;carbon dioxide, captured from atmosphere;;[];carbon dioxide, captured from atmosphere and stored, with a sorbent-based direct air capture system, 100ktCO2, with waste heat, and grid electricity;-1.0;kilogram;carbon dioxide, captured from atmosphere;1.0;production;NEU;ecoinvent_cutoff_3.9_remind_SSP2-PkBudg500_2030
167517af716d40c89153ef63204b0605;carbon dioxide storage from natural gas, post, 400km pipeline, storage 1000m;EUR;carbon dioxide storage from natural gas, post, 400km pipeline, storage 1000m;;[];carbon dioxide storage from natural gas, post, 400km pipeline, storage 1000m;-1.0;kilogram;carbon dioxide storage from natural gas, post, 400km pipeline, storage 1000m;1.0;production;EUR;ecoinvent_cutoff_3.9_remind_SSP2-PkBudg500_2030
1681bd326d1d4b2590b5ca29cd0e5d4e;carbon dioxide, captured from natural gas, post, 200km pipeline, storage 1000m;USA;carbon dioxide, captured from natural gas, post, 200km pipeline, storage 1000m;;[];carbon dioxide, captured from natural gas, post, 200km pipeline, storage 1000m;-1.0;kilogram;carbon dioxide, captured from natural gas, post, 200km pipeline, storage 1000m;1.0;production;USA;ecoinvent_cutoff_3.9_remind_SSP2-PkBudg500_2030
1681bd326d1d4b2590b5ca29cd0e5d4e;carbon dioxide, captured from natural gas, post, 200km pipeline, storage 1000m;USA;carbon dioxide, captured from natural gas, post, 200km pipeline, storage 1000m;;[];carbon dioxide storage from natural gas, post, 200km pipeline, storage 1000m;-1.0;kilogram;carbon dioxide storage from natural gas, post, 200km pipeline, storage 1000m;;technosphere;USA;ecoinvent_cutoff_3.9_remind_SSP2-PkBudg500_2030
16a13183c0054fb593e2d1ac435d0851;carbon dioxide storage from hard coal, pre, pipeline 200km, storage 1000m;LAM;carbon dioxide storage from hard coal, pre, pipeline 200km, storage 1000m;;[];carbon dioxide storage from hard coal, pre, pipeline 200km, storage 1000m;-1.0;kilogram;carbon dioxide storage from hard coal, pre, pipeline 200km, storage 1000m;1.0;production;LAM;ecoinvent_cutoff_3.9_remind_SSP2-PkBudg500_2030
16eb1311a13f49c29fa053f687871198;electricity production, at hard coal-fired power plant, ultra-super critical, oxy, pipeline 200km, storage 1000m;JPN;electricity, high voltage;;[];carbon dioxide, captured from hard coal-fired power plant, oxy, pipeline 200km, storage 1000m;-0.8378999999996097;kilogram;carbon dioxide, captured from hard coal-fired power plant, oxy, pipeline 200km, storage 1000m;;technosphere;JPN;ecoinvent_cutoff_3.9_remind_SSP2-PkBudg500_2030
1706754aebd541eaa8c0288426720370;ethanol production, via fermentation, from eucalyptus, with carbon capture and storage;LAM;ethanol, from eucalyptus;;[];carbon dioxide storage at wood burning power plant 20 MW post, pipeline 200km, storage 1000m;-4.095;kilogram;carbon dioxide storage at wood burning power plant 20 MW post, pipeline 200km, storage 1000m;;technosphere;LAM;ecoinvent_cutoff_3.9_remind_SSP2-PkBudg500_2030
17bb45d975a04c3d9dcc16fe9f9e92b5;ethanol production, via fermentation, from sugarbeet, with carbon capture and storage, energy allocation;CAZ;ethanol, from sugarbeet;;[];carbon dioxide storage at wood burning power plant 20 MW post, pipeline 200km, storage 1000m;-1.8047940624999999;kilogram;carbon dioxide storage at wood burning power plant 20 MW post, pipeline 200km, storage 1000m;;technosphere;CAZ;ecoinvent_cutoff_3.9_remind_SSP2-PkBudg500_2030
17f3322cee8f42b8bbdd8ad635fd1c35;carbon dioxide storage at wood burning power plant 20 MW post, pipeline 200km, storage 1000m;CHA;carbon dioxide storage at wood burning power plant 20 MW post, pipeline 200km, storage 1000m;;[];carbon dioxide storage at wood burning power plant 20 MW post, pipeline 200km, storage 1000m;-1.0;kilogram;carbon dioxide storage at wood burning power plant 20 MW post, pipeline 200km, storage 1000m;1.0;production;CHA;ecoinvent_cutoff_3.9_remind_SSP2-PkBudg500_2030
180a2c9389bb4d8c907db2a94e5f867e;carbon dioxide, captured at steel production plant, with underground storage, post, 200 km;World;carbon dioxide, captured and stored;;[];carbon dioxide, captured at steel production plant, with underground storage, post, 200 km;-1.0;kilogram;carbon dioxide, captured and stored;;production;World;ecoinvent_cutoff_3.9_remind_SSP2-PkBudg500_2030
180a2c9389bb4d8c907db2a94e5f867e;carbon dioxide, captured at steel production plant, with underground storage, post, 200 km;World;carbon dioxide, captured and stored;;[];carbon dioxide storage from hard coal, post, pipeline 200km, storage 1000m;-1.0;kilogram;carbon dioxide storage from hard coal, post, pipeline 200km, storage 1000m;;technosphere;World;ecoinvent_cutoff_3.9_remind_SSP2-PkBudg500_2030
18174037ec3444868bc5ea8f0029bc08;ethanol production, via fermentation, from poplar, with carbon capture and storage, energy allocation;CHA;ethanol, from poplar;;[];carbon dioxide storage at wood burning power plant 20 MW post, pipeline 200km, storage 1000m;-4.074812712917694;kilogram;carbon dioxide storage at wood burning power plant 20 MW post, pipeline 200km, storage 1000m;;technosphere;CHA;ecoinvent_cutoff_3.9_remind_SSP2-PkBudg500_2030
182042efd3234c848b323d2d31b48a37;electricity production, at hard coal-fired power plant, ultra-super critical, oxy, pipeline 200km, storage 1000m;CHA;electricity, high voltage;;[];carbon dioxide, captured from hard coal-fired power plant, oxy, pipeline 200km, storage 1000m;-0.8378999999996097;kilogram;carbon dioxide, captured from hard coal-fired power plant, oxy, pipeline 200km, storage 1000m;;technosphere;CHA;ecoinvent_cutoff_3.9_remind_SSP2-PkBudg500_2030
188a59e44b8d410cbb7abdd9b8f5a0e7;carbon dioxide storage from natural gas, post, 400km pipeline, storage 3000m;REF;carbon dioxide storage from natural gas, post, 400km pipeline, storage 3000m;;[];carbon dioxide storage from natural gas, post, 400km pipeline, storage 3000m;-1.0;kilogram;carbon dioxide storage from natural gas, post, 400km pipeline, storage 3000m;1.0;production;REF;ecoinvent_cutoff_3.9_remind_SSP2-PkBudg500_2030
18cbcb16e69c4fcebb60bae2f6c15b1c;carbon dioxide storage at synthetic natural gas plant, post, 200km pipeline, storage 1000m;SSA;carbon dioxide storage at synthetic natural gas plant, post, 200km pipeline, storage 1000m;;[];carbon dioxide storage at synthetic natural gas plant, post, 200km pipeline, storage 1000m;-1.0;kilogram;carbon dioxide storage at synthetic natural gas plant, post, 200km pipeline, storage 1000m;1.0;production;SSA;ecoinvent_cutoff_3.9_remind_SSP2-PkBudg500_2030
19285b2919984140aa6178c7037b7d3a;electricity production, at hard coal-fired power plant, oxy, pipeline 200km, storage 1000m;IND;electricity, high voltage;;[];carbon dioxide, captured from hard coal-fired power plant, oxy, pipeline 200km, storage 1000m;-0.9576000000000001;kilogram;carbon dioxide, captured from hard coal-fired power plant, oxy, pipeline 200km, storage 1000m;;technosphere;IND;ecoinvent_cutoff_3.9_remind_SSP2-PkBudg500_2030
1947a7dfd89749b2ac390399948906eb;electricity production, at hard coal-fired power plant, post, pipeline 200km, storage 1000m;SSA;electricity, high voltage;;[];carbon dioxide, captured from hard coal-fired power plant, post, pipeline 200km, storage 1000m;-0.9072000000000003;kilogram;carbon dioxide, captured from hard coal-fired power plant, post, pipeline 200km, storage 1000m;;technosphere;SSA;ecoinvent_cutoff_3.9_remind_SSP2-PkBudg500_2030
199d4e2a7f6f46f397db973560e9f7f6;carbon dioxide, captured from hard coal-fired power plant, pre, pipeline 200km, storage 1000m;CAZ;carbon dioxide, captured from hard coal-fired power plant, pre, pipeline 200km, storage 1000m;;[];carbon dioxide, captured from hard coal-fired power plant, pre, pipeline 200km, storage 1000m;-1.0;kilogram;carbon dioxide, captured from hard coal-fired power plant, pre, pipeline 200km, storage 1000m;1.0;production;CAZ;ecoinvent_cutoff_3.9_remind_SSP2-PkBudg500_2030
199d4e2a7f6f46f397db973560e9f7f6;carbon dioxide, captured from hard coal-fired power plant, pre, pipeline 200km, storage 1000m;CAZ;carbon dioxide, captured from hard coal-fired power plant, pre, pipeline 200km, storage 1000m;;[];carbon dioxide storage from hard coal, pre, pipeline 200km, storage 1000m;-1.0;kilogram;carbon dioxide storage from hard coal, pre, pipeline 200km, storage 1000m;;technosphere;CAZ;ecoinvent_cutoff_3.9_remind_SSP2-PkBudg500_2030
19c7a271ffa3497b92cbc2db03a0ca5f;hydrogen production, steam methane reforming of natural gas, with CCS (MDEA, 98% eff.), 25 bar;IND;hydrogen, gaseous, 25 bar;;[];carbon dioxide, captured at hydrogen production plant, pre, pipeline 200km, storage 1000m;-6.161167019605815;kilogram;carbon dioxide, captured at hydrogen production plant, pre, pipeline 200km, storage 1000m;;technosphere;RER;ecoinvent_cutoff_3.9_remind_SSP2-PkBudg500_2030
19da9a095a7b443d999edb11e9125c21;carbon dioxide storage from hard coal, pre, pipeline 400km, storage 3000m;NEU;carbon dioxide storage from hard coal, pre, pipeline 400km, storage 3000m;;[];carbon dioxide storage from hard coal, pre, pipeline 400km, storage 3000m;-1.0;kilogram;carbon dioxide storage from hard coal, pre, pipeline 400km, storage 3000m;1.0;production;NEU;ecoinvent_cutoff_3.9_remind_SSP2-PkBudg500_2030
1a6e9c2297a1488780c9fe38282e955a;carbon dioxide, captured from atmosphere and stored, with a sorbent-based direct air capture system, 100ktCO2;RER;carbon dioxide, captured from atmosphere;;[];carbon dioxide, captured from atmosphere and stored, with a sorbent-based direct air capture system, 100ktCO2;-1.0;kilogram;carbon dioxide, captured from atmosphere;;production;RER;ecoinvent_cutoff_3.9_remind_SSP2-PkBudg500_2030
1aba4b04a53240f39d59b5749e10dc7f;carbon dioxide storage from hard coal, post, pipeline 200km, storage 1000m;EUR;carbon dioxide storage from hard coal, post, pipeline 200km, storage 1000m;;[];carbon dioxide storage from hard coal, post, pipeline 200km, storage 1000m;-1.0;kilogram;carbon dioxide storage from hard coal, post, pipeline 200km, storage 1000m;1.0;production;EUR;ecoinvent_cutoff_3.9_remind_SSP2-PkBudg500_2030
1ac8ceb90b234bd8b7c297a84d2428b9;methane, from biological methanation, with carbon from atmosphere, using heat pump heat;MEA;methane, from biological methanation;;[];carbon dioxide, captured from atmosphere, with a solvent-based direct air capture system, 1MtCO2, with heat pump heat, and grid electricity;-2.75;kilogram;carbon dioxide, captured from atmosphere;;technosphere;MEA;ecoinvent_cutoff_3.9_remind_SSP2-PkBudg500_2030
1adad75519114211aa6c43240ecdf718;carbon dioxide, captured from lignite, pre, pipeline 200km, storage 1000m;NEU;carbon dioxide, captured from lignite, pre, pipeline 200km, storage 1000m;;[];carbon dioxide, captured from lignite, pre, pipeline 200km, storage 1000m;-1.0;kilogram;carbon dioxide, captured from lignite, pre, pipeline 200km, storage 1000m;1.0;production;NEU;ecoinvent_cutoff_3.9_remind_SSP2-PkBudg500_2030
1adad75519114211aa6c43240ecdf718;carbon dioxide, captured from lignite, pre, pipeline 200km, storage 1000m;NEU;carbon dioxide, captured from lignite, pre, pipeline 200km, storage 1000m;;[];carbon dioxide storage from lignite, pre, pipeline 200km, storage 1000m;-1.0;kilogram;carbon dioxide storage from lignite, pre, pipeline 200km, storage 1000m;;technosphere;NEU;ecoinvent_cutoff_3.9_remind_SSP2-PkBudg500_2030
1b2c296049fd4cb2a5b1f395feaae881;ethanol production, via fermentation, from switchgrass, with carbon capture and storage, energy allocation;CAZ;ethanol, from switchgrass;;[];carbon dioxide storage at wood burning power plant 20 MW post, pipeline 200km, storage 1000m;-3.6597753976440037;kilogram;carbon dioxide storage at wood burning power plant 20 MW post, pipeline 200km, storage 1000m;;technosphere;CAZ;ecoinvent_cutoff_3.9_remind_SSP2-PkBudg500_2030
1b2f455255364284a959f2efe022140b;carbon dioxide, captured at synthetic natural gas plant, post, 200km pipeline, storage 1000m;RER;carbon dioxide, captured at synthetic natural gas plant, post, 200km pipeline, storage 1000m;;[];carbon dioxide, captured at synthetic natural gas plant, post, 200km pipeline, storage 1000m;-1.0;kilogram;carbon dioxide, captured at synthetic natural gas plant, post, 200km pipeline, storage 1000m;;production;RER;ecoinvent_cutoff_3.9_remind_SSP2-PkBudg500_2030
1b2f455255364284a959f2efe022140b;carbon dioxide, captured at synthetic natural gas plant, post, 200km pipeline, storage 1000m;RER;carbon dioxide, captured at synthetic natural gas plant, post, 200km pipeline, storage 1000m;;[];carbon dioxide storage at synthetic natural gas plant, post, 200km pipeline, storage 1000m;-1.0;kilogram;carbon dioxide storage at synthetic natural gas plant, post, 200km pipeline, storage 1000m;;technosphere;EUR;ecoinvent_cutoff_3.9_remind_SSP2-PkBudg500_2030
1b5253d245cd45be8433f0504e03b33f;carbon dioxide storage from lignite, oxy, pipeline 200km, storage 1000m;REF;carbon dioxide storage from lignite, oxy, pipeline 200km, storage 1000m;;[];carbon dioxide storage from lignite, oxy, pipeline 200km, storage 1000m;-1.0;kilogram;carbon dioxide storage from lignite, oxy, pipeline 200km, storage 1000m;1.0;production;REF;ecoinvent_cutoff_3.9_remind_SSP2-PkBudg500_2030
1b59e542d81a4f2eb2a362b584787317;electricity production, at lignite-fired power plant, oxy, pipeline 200km, storage 1000m;MEA;electricity, high voltage;;[];carbon dioxide, captured from lignite, oxy, pipeline 200km, storage 1000m;-1.1237142857142859;kilogram;carbon dioxide, captured from lignite, oxy, pipeline 200km, storage 1000m;;technosphere;MEA;ecoinvent_cutoff_3.9_remind_SSP2-PkBudg500_2030
1bcda8f0d3854bd8b106c429db1b0abe;carbon dioxide, captured from atmosphere and stored, with a sorbent-based direct air capture system, 100ktCO2, with heat pump heat, and grid electricity;MEA;carbon dioxide, captured from atmosphere;;[];carbon dioxide, captured from atmosphere and stored, with a sorbent-based direct air capture system, 100ktCO2, with heat pump heat, and grid electricity;-1.0;kilogram;carbon dioxide, captured from atmosphere;1.0;production;MEA;ecoinvent_cutoff_3.9_remind_SSP2-PkBudg500_2030
1be7303fb2764870ad15e60a73b74d19;carbon dioxide storage at hydrogen production plant, pre, pipeline 200km, storage 1000m;CAZ;carbon dioxide storage at hydrogen production plant, pre, pipeline 200km, storage 1000m;;[];carbon dioxide storage at hydrogen production plant, pre, pipeline 200km, storage 1000m;-1.0;kilogram;carbon dioxide storage at hydrogen production plant, pre, pipeline 200km, storage 1000m;1.0;production;CAZ;ecoinvent_cutoff_3.9_remind_SSP2-PkBudg500_2030
1d5e328c68484fb5b1b3d8367b0ff8f2;carbon dioxide storage from hard coal, post, pipeline 400km, storage 3000m;REF;carbon dioxide storage from hard coal, post, pipeline 400km, storage 3000m;;[];carbon dioxide storage from hard coal, post, pipeline 400km, storage 3000m;-1.0;kilogram;carbon dioxide storage from hard coal, post, pipeline 400km, storage 3000m;1.0;production;REF;ecoinvent_cutoff_3.9_remind_SSP2-PkBudg500_2030
1e8d58a91311420fa772e4f650cbae1d;carbon dioxide, captured from atmosphere, with a solvent-based direct air capture system, 1MtCO2, with heat pump heat, and grid electricity;EUR;carbon dioxide, captured from atmosphere;;[];carbon dioxide, captured from atmosphere, with a solvent-based direct air capture system, 1MtCO2, with heat pump heat, and grid electricity;-1.0;kilogram;carbon dioxide, captured from atmosphere;1.0;production;EUR;ecoinvent_cutoff_3.9_remind_SSP2-PkBudg500_2030
1ead466048f14762a50b933c9a0b9fb1;electricity production, at hard coal-fired power plant, post, pipeline 200km, storage 1000m;NEU;electricity, high voltage;;[];carbon dioxide, captured from hard coal-fired power plant, post, pipeline 200km, storage 1000m;-0.9072000000000003;kilogram;carbon dioxide, captured from hard coal-fired power plant, post, pipeline 200km, storage 1000m;;technosphere;NEU;ecoinvent_cutoff_3.9_remind_SSP2-PkBudg500_2030
1ef29087f67d411495320b2a8c1e5bb4;methane, from biological methanation, with carbon from atmosphere, using waste heat;IND;methane, from biological methanation;;[];carbon dioxide, captured from atmosphere, with a sorbent-based direct air capture system, 100ktCO2, with waste heat, and grid electricity;-2.75;kilogram;carbon dioxide, captured from atmosphere;;technosphere;IND;ecoinvent_cutoff_3.9_remind_SSP2-PkBudg500_2030
1f011361490c4bdb936e37f9751dee35;carbon dioxide storage from lignite, post, pipeline 200km, storage 1000m;JPN;carbon dioxide storage from lignite, post, pipeline 200km, storage 1000m;;[];carbon dioxide storage from lignite, post, pipeline 200km, storage 1000m;-1.0;kilogram;carbon dioxide storage from lignite, post, pipeline 200km, storage 1000m;1.0;production;JPN;ecoinvent_cutoff_3.9_remind_SSP2-PkBudg500_2030
1f38095c59b341218a979558b8575a7f;hydrogen production, auto-thermal reforming of natural gas, with CCS (MDEA, 98% eff.), 25 bar;RER;hydrogen, gaseous, 25 bar;;[];carbon dioxide, captured at hydrogen production plant, pre, pipeline 200km, storage 1000m;-8.344263474242371;kilogram;carbon dioxide, captured at hydrogen production plant, pre, pipeline 200km, storage 1000m;;technosphere;RER;ecoinvent_cutoff_3.9_remind_SSP2-PkBudg500_2030
1f81388bd2634bff88c5765f9626fb81;carbon dioxide, captured from natural gas, post, 400km pipeline, storage 1000m;EUR;carbon dioxide, captured from natural gas, post, 400km pipeline, storage 1000m;;[];carbon dioxide, captured from natural gas, post, 400km pipeline, storage 1000m;-1.0;kilogram;carbon dioxide, captured from natural gas, post, 400km pipeline, storage 1000m;1.0;production;EUR;ecoinvent_cutoff_3.9_remind_SSP2-PkBudg500_2030
1f81388bd2634bff88c5765f9626fb81;carbon dioxide, captured from natural gas, post, 400km pipeline, storage 1000m;EUR;carbon dioxide, captured from natural gas, post, 400km pipeline, storage 1000m;;[];carbon dioxide storage from natural gas, post, 400km pipeline, storage 1000m;-1.0;kilogram;carbon dioxide storage from natural gas, post, 400km pipeline, storage 1000m;;technosphere;EUR;ecoinvent_cutoff_3.9_remind_SSP2-PkBudg500_2030
1f8f2398972e4c05b6b823e1c74cfe36;carbon dioxide, captured from atmosphere and stored, with a solvent-based direct air capture system, 1MtCO2, with heat pump heat, and grid electricity;NEU;carbon dioxide, captured from atmosphere;;[];carbon dioxide, captured from atmosphere and stored, with a solvent-based direct air capture system, 1MtCO2, with heat pump heat, and grid electricity;-1.0;kilogram;carbon dioxide, captured from atmosphere;1.0;production;NEU;ecoinvent_cutoff_3.9_remind_SSP2-PkBudg500_2030
1fde65f2e4114e85bddff0a14e92ad8a;carbon dioxide storage from hard coal, oxy, pipeline 400km, storage 3000m;World;carbon dioxide storage from hard coal, oxy, pipeline 400km, storage 3000m;;[];carbon dioxide storage from hard coal, oxy, pipeline 400km, storage 3000m;-1.0;kilogram;carbon dioxide storage from hard coal, oxy, pipeline 400km, storage 3000m;1.0;production;World;ecoinvent_cutoff_3.9_remind_SSP2-PkBudg500_2030
21c54b22a45844ce925f46cf2d79cb76;electricity production, at lignite-fired power plant, post, pipeline 200km, storage 1000m;CAZ;electricity, high voltage;;[];carbon dioxide, captured from lignite, post, pipeline 200km, storage 1000m;-1.0697521585647969;kilogram;carbon dioxide, captured from lignite, post, pipeline 200km, storage 1000m;;technosphere;CAZ;ecoinvent_cutoff_3.9_remind_SSP2-PkBudg500_2030
21e40fc124b54d3cbaef2d37e4474b63;ethanol production, via fermentation, from switchgrass, with carbon capture and storage, system expansion;US;ethanol, from switchgrass;;[];carbon dioxide storage at wood burning power plant 20 MW post, pipeline 200km, storage 1000m;-4.0610286101163116;kilogram;carbon dioxide storage at wood burning power plant 20 MW post, pipeline 200km, storage 1000m;;technosphere;USA;ecoinvent_cutoff_3.9_remind_SSP2-PkBudg500_2030
21e992d23cd7488fb1986d6b15a6ffe8;carbon dioxide storage at hydrogen production plant, pre, pipeline 400km, storage 3000m;CAZ;carbon dioxide storage at hydrogen production plant, pre, pipeline 400km, storage 3000m;;[];carbon dioxide storage at hydrogen production plant, pre, pipeline 400km, storage 3000m;-1.0;kilogram;carbon dioxide storage at hydrogen production plant, pre, pipeline 400km, storage 3000m;1.0;production;CAZ;ecoinvent_cutoff_3.9_remind_SSP2-PkBudg500_2030
21f565ae83a74e0bb0e53f2252f13728;methane, from electrochemical methanation, with carbon from atmosphere, using waste heat;SSA;methane, from electrochemical methanation;;[];carbon dioxide, captured from atmosphere, with a sorbent-based direct air capture system, 100ktCO2, with waste heat, and grid electricity;-2.750348675034868;kilogram;carbon dioxide, captured from atmosphere;;technosphere;SSA;ecoinvent_cutoff_3.9_remind_SSP2-PkBudg500_2030
226a28b7b10a41b79538e95d640704cf;steel production, electric, low-alloyed;NEU;steel, low-alloyed;;[('EcoSpold01Categories', 'metals/extraction'), ('ISIC rev.4 ecoinvent', '2410:Manufacture of basic iron and steel'), ('CPC', '41122: Alloy steel in ingots or other primary forms and semi-finished products of alloy steel')];carbon dioxide, captured at steel production plant, with underground storage, post, 200 km;-0.025473025492314574;kilogram;carbon dioxide, captured and stored;0.0;technosphere;NEU;ecoinvent_cutoff_3.9_remind_SSP2-PkBudg500_2030
226c895e11944d3384ee94dd31080513;carbon dioxide, captured from hard coal-fired power plant, oxy, pipeline 200km, storage 1000m;REF;carbon dioxide, captured from hard coal-fired power plant, oxy, pipeline 200km, storage 1000m;;[];carbon dioxide, captured from hard coal-fired power plant, oxy, pipeline 200km, storage 1000m;-1.0;kilogram;carbon dioxide, captured from hard coal-fired power plant, oxy, pipeline 200km, storage 1000m;1.0;production;REF;ecoinvent_cutoff_3.9_remind_SSP2-PkBudg500_2030
226c895e11944d3384ee94dd31080513;carbon dioxide, captured from hard coal-fired power plant, oxy, pipeline 200km, storage 1000m;REF;carbon dioxide, captured from hard coal-fired power plant, oxy, pipeline 200km, storage 1000m;;[];carbon dioxide storage from hard coal, oxy, pipeline 200km, storage 1000m;-1.0;kilogram;carbon dioxide storage from hard coal, oxy, pipeline 200km, storage 1000m;;technosphere;REF;ecoinvent_cutoff_3.9_remind_SSP2-PkBudg500_2030
22a75893bb974264994f3215970f7e46;carbon dioxide, captured from atmosphere, with a sorbent-based direct air capture system, 100ktCO2, with waste heat, and grid electricity;LAM;carbon dioxide, captured from atmosphere;;[];carbon dioxide, captured from atmosphere, with a sorbent-based direct air capture system, 100ktCO2, with waste heat, and grid electricity;-1.0;kilogram;carbon dioxide, captured from atmosphere;1.0;production;LAM;ecoinvent_cutoff_3.9_remind_SSP2-PkBudg500_2030
22af5e1d8df04a3b9a4e77a5db7fb951;carbon dioxide storage from natural gas, pre, 200km pipeline, storage 1000m;NEU;carbon dioxide storage from natural gas, pre, 200km pipeline, storage 1000m;;[];carbon dioxide storage from natural gas, pre, 200km pipeline, storage 1000m;-1.0;kilogram;carbon dioxide storage from natural gas, pre, 200km pipeline, storage 1000m;1.0;production;NEU;ecoinvent_cutoff_3.9_remind_SSP2-PkBudg500_2030
23361e9e08144c5c8ef4c0be805b6e92;steel production, converter, unalloyed;OAS;steel, unalloyed;;[('ISIC rev.4 ecoinvent', '2410:Manufacture of basic iron and steel'), ('CPC', '41121: Non-alloy steel in ingots or other primary forms, and semi-finished products of non-alloy steel')];carbon dioxide, captured at steel production plant, with underground storage, post, 200 km;-0.018832965296023137;kilogram;carbon dioxide, captured and stored;0.0;technosphere;OAS;ecoinvent_cutoff_3.9_remind_SSP2-PkBudg500_2030
234bfa85a4cf497aacf0b1c3463330c1;electricity production, at hard coal-fired power plant, oxy, pipeline 200km, storage 1000m;MEA;electricity, high voltage;;[];carbon dioxide, captured from hard coal-fired power plant, oxy, pipeline 200km, storage 1000m;-0.9576000000000001;kilogram;carbon dioxide, captured from hard coal-fired power plant, oxy, pipeline 200km, storage 1000m;;technosphere;MEA;ecoinvent_cutoff_3.9_remind_SSP2-PkBudg500_2030
237968a7fd43457291d21937edbe2d43;carbon dioxide, captured from hard coal-fired power plant, post, pipeline 400km, storage 1000m;SSA;carbon dioxide, captured from hard coal-fired power plant, post, pipeline 400km, storage 1000m;;[];carbon dioxide, captured from hard coal-fired power plant, post, pipeline 400km, storage 1000m;-1.0;kilogram;carbon dioxide, captured from hard coal-fired power plant, post, pipeline 400km, storage 1000m;1.0;production;SSA;ecoinvent_cutoff_3.9_remind_SSP2-PkBudg500_2030
237968a7fd43457291d21937edbe2d43;carbon dioxide, captured from hard coal-fired power plant, post, pipeline 400km, storage 1000m;SSA;carbon dioxide, captured from hard coal-fired power plant, post, pipeline 400km, storage 1000m;;[];carbon dioxide storage from hard coal, post, pipeline 400km, storage 1000m;-1.0;kilogram;carbon dioxide storage from hard coal, post, pipeline 400km, storage 1000m;;technosphere;SSA;ecoinvent_cutoff_3.9_remind_SSP2-PkBudg500_2030
2380e68271614b4396186877f64dede0;carbon dioxide, captured from atmosphere and stored, with a solvent-based direct air capture system, 1MtCO2, with industrial steam heat, and grid electricity;MEA;carbon dioxide, captured from atmosphere;;[];carbon dioxide, captured from atmosphere and stored, with a solvent-based direct air capture system, 1MtCO2, with industrial steam heat, and grid electricity;-1.0;kilogram;carbon dioxide, captured from atmosphere;1.0;production;MEA;ecoinvent_cutoff_3.9_remind_SSP2-PkBudg500_2030
238eb81e270e44899d542e5d851ad1d2;methane, from electrochemical methanation, with carbon from atmosphere, using heat pump heat;JPN;methane, from electrochemical methanation;;[];carbon dioxide, captured from atmosphere, with a solvent-based direct air capture system, 1MtCO2, with heat pump heat, and grid electricity;-2.750348675034868;kilogram;carbon dioxide, captured from atmosphere;;technosphere;JPN;ecoinvent_cutoff_3.9_remind_SSP2-PkBudg500_2030
23df6f1609484cc086a9798637e676d9;carbon dioxide, captured from atmosphere and stored, with a solvent-based direct air capture system, 1MtCO2, with industrial steam heat, and grid electricity;LAM;carbon dioxide, captured from atmosphere;;[];carbon dioxide, captured from atmosphere and stored, with a solvent-based direct air capture system, 1MtCO2, with industrial steam heat, and grid electricity;-1.0;kilogram;carbon dioxide, captured from atmosphere;1.0;production;LAM;ecoinvent_cutoff_3.9_remind_SSP2-PkBudg500_2030
23ed129f7ca44445bfda3e9be48f7866;carbon dioxide storage at wood burning power plant 20 MW post, pipeline 400km, storage 3000m;SSA;carbon dioxide storage at wood burning power plant 20 MW post, pipeline 400km, storage 3000m;;[];carbon dioxide storage at wood burning power plant 20 MW post, pipeline 400km, storage 3000m;-1.0;kilogram;carbon dioxide storage at wood burning power plant 20 MW post, pipeline 400km, storage 3000m;1.0;production;SSA;ecoinvent_cutoff_3.9_remind_SSP2-PkBudg500_2030
24018f7495ea412ca615059b0c2165f0;carbon dioxide, captured from atmosphere, with a sorbent-based direct air capture system, 100ktCO2, with industrial steam heat, and grid electricity;NEU;carbon dioxide, captured from atmosphere;;[];carbon dioxide, captured from atmosphere, with a sorbent-based direct air capture system, 100ktCO2, with industrial steam heat, and grid electricity;-1.0;kilogram;carbon dioxide, captured from atmosphere;1.0;production;NEU;ecoinvent_cutoff_3.9_remind_SSP2-PkBudg500_2030
2435d801b30242b29141bd6fe0984630;carbon dioxide, captured from atmosphere, with a sorbent-based direct air capture system, 100ktCO2, with industrial steam heat, and grid electricity;USA;carbon dioxide, captured from atmosphere;;[];carbon dioxide, captured from atmosphere, with a sorbent-based direct air capture system, 100ktCO2, with industrial steam heat, and grid electricity;-1.0;kilogram;carbon dioxide, captured from atmosphere;1.0;production;USA;ecoinvent_cutoff_3.9_remind_SSP2-PkBudg500_2030
244277deaf1b42d69369b45155b5f45e;carbon dioxide storage from lignite, oxy, pipeline 400km, storage 3000m;LAM;carbon dioxide storage from lignite, oxy, pipeline 400km, storage 3000m;;[];carbon dioxide storage from lignite, oxy, pipeline 400km, storage 3000m;-1.0;kilogram;carbon dioxide storage from lignite, oxy, pipeline 400km, storage 3000m;1.0;production;LAM;ecoinvent_cutoff_3.9_remind_SSP2-PkBudg500_2030
24c95ae4187d4f6294adeda9ddf5934a;electricity production, at hard coal-fired power plant, oxy, pipeline 200km, storage 1000m;LAM;electricity, high voltage;;[];carbon dioxide, captured from hard coal-fired power plant, oxy, pipeline 200km, storage 1000m;-0.9576000000000001;kilogram;carbon dioxide, captured from hard coal-fired power plant, oxy, pipeline 200km, storage 1000m;;technosphere;LAM;ecoinvent_cutoff_3.9_remind_SSP2-PkBudg500_2030
24da5b675213459f94d88e7fb61b504a;electricity production, at lignite-fired power plant, post, pipeline 200km, storage 1000m;JPN;electricity, high voltage;;[];carbon dioxide, captured from lignite, post, pipeline 200km, storage 1000m;-1.1013192822011604;kilogram;carbon dioxide, captured from lignite, post, pipeline 200km, storage 1000m;;technosphere;JPN;ecoinvent_cutoff_3.9_remind_SSP2-PkBudg500_2030
2509a6f1b6734bbf891c903a3b27bb1d;electricity production, at hard coal-fired power plant, oxy, pipeline 200km, storage 1000m;World;electricity, high voltage;;[];carbon dioxide, captured from hard coal-fired power plant, oxy, pipeline 200km, storage 1000m;-0.9575999999999999;kilogram;carbon dioxide, captured from hard coal-fired power plant, oxy, pipeline 200km, storage 1000m;;technosphere;World;ecoinvent_cutoff_3.9_remind_SSP2-PkBudg500_2030
2530894f25014dc2a6e985fb0b3c389a;hydrogen production, gaseous, 30 bar, from hard coal gasification and reforming, with CCS, at coal gasification plant;World;hydrogen, gaseous, 30 bar;;[];carbon dioxide, captured at hydrogen production plant, pre, pipeline 400km, storage 3000m;-15.29;kilogram;carbon dioxide, captured at hydrogen production plant, pre, pipeline 400km, storage 3000m;;technosphere;RER;ecoinvent_cutoff_3.9_remind_SSP2-PkBudg500_2030
2568d15f20b74878be821a39aa99dfc5;carbon dioxide storage at hydrogen production plant, pre, pipeline 400km, storage 3000m;CHA;carbon dioxide storage at hydrogen production plant, pre, pipeline 400km, storage 3000m;;[];carbon dioxide storage at hydrogen production plant, pre, pipeline 400km, storage 3000m;-1.0;kilogram;carbon dioxide storage at hydrogen production plant, pre, pipeline 400km, storage 3000m;1.0;production;CHA;ecoinvent_cutoff_3.9_remind_SSP2-PkBudg500_2030
25982ed11b494008ad8ec42a4c8e2e13;carbon dioxide, captured from lignite, oxy, pipeline 200km, storage 1000m;World;carbon dioxide, captured from lignite, oxy, pipeline 200km, storage 1000m;;[];carbon dioxide, captured from lignite, oxy, pipeline 200km, storage 1000m;-1.0;kilogram;carbon dioxide, captured from lignite, oxy, pipeline 200km, storage 1000m;1.0;production;World;ecoinvent_cutoff_3.9_remind_SSP2-PkBudg500_2030
25982ed11b494008ad8ec42a4c8e2e13;carbon dioxide, captured from lignite, oxy, pipeline 200km, storage 1000m;World;carbon dioxide, captured from lignite, oxy, pipeline 200km, storage 1000m;;[];carbon dioxide storage from lignite, oxy, pipeline 200km, storage 1000m;-1.0;kilogram;carbon dioxide storage from lignite, oxy, pipeline 200km, storage 1000m;;technosphere;World;ecoinvent_cutoff_3.9_remind_SSP2-PkBudg500_2030
25fda8815ac14eee8144d003331988dc;carbon dioxide storage from natural gas, post, 400km pipeline, storage 3000m;MEA;carbon dioxide storage from natural gas, post, 400km pipeline, storage 3000m;;[];carbon dioxide storage from natural gas, post, 400km pipeline, storage 3000m;-1.0;kilogram;carbon dioxide storage from natural gas, post, 400km pipeline, storage 3000m;1.0;production;MEA;ecoinvent_cutoff_3.9_remind_SSP2-PkBudg500_2030
26525bcfd4ab425685cc2706af000827;carbon dioxide, captured from natural gas, pre, 200km pipeline, storage 1000m;IND;carbon dioxide, captured from natural gas, pre, 200km pipeline, storage 1000m;;[];carbon dioxide, captured from natural gas, pre, 200km pipeline, storage 1000m;-1.0;kilogram;carbon dioxide, captured from natural gas, pre, 200km pipeline, storage 1000m;1.0;production;IND;ecoinvent_cutoff_3.9_remind_SSP2-PkBudg500_2030
26525bcfd4ab425685cc2706af000827;carbon dioxide, captured from natural gas, pre, 200km pipeline, storage 1000m;IND;carbon dioxide, captured from natural gas, pre, 200km pipeline, storage 1000m;;[];carbon dioxide storage from natural gas, pre, 200km pipeline, storage 1000m;-1.0;kilogram;carbon dioxide storage from natural gas, pre, 200km pipeline, storage 1000m;;technosphere;IND;ecoinvent_cutoff_3.9_remind_SSP2-PkBudg500_2030
26785209fd5044a1a6fa6dc88bb39abb;carbon dioxide, captured from lignite, pre, pipeline 200km, storage 1000m;World;carbon dioxide, captured from lignite, pre, pipeline 200km, storage 1000m;;[];carbon dioxide, captured from lignite, pre, pipeline 200km, storage 1000m;-1.0;kilogram;carbon dioxide, captured from lignite, pre, pipeline 200km, storage 1000m;1.0;production;World;ecoinvent_cutoff_3.9_remind_SSP2-PkBudg500_2030
26785209fd5044a1a6fa6dc88bb39abb;carbon dioxide, captured from lignite, pre, pipeline 200km, storage 1000m;World;carbon dioxide, captured from lignite, pre, pipeline 200km, storage 1000m;;[];carbon dioxide storage from lignite, pre, pipeline 200km, storage 1000m;-1.0;kilogram;carbon dioxide storage from lignite, pre, pipeline 200km, storage 1000m;;technosphere;World;ecoinvent_cutoff_3.9_remind_SSP2-PkBudg500_2030
267a0b4bb4b14b33a003f553a698928b;carbon dioxide, captured from atmosphere and stored, with a sorbent-based direct air capture system, 100ktCO2, with waste heat, and grid electricity;LAM;carbon dioxide, captured from atmosphere;;[];carbon dioxide, captured from atmosphere and stored, with a sorbent-based direct air capture system, 100ktCO2, with waste heat, and grid electricity;-1.0;kilogram;carbon dioxide, captured from atmosphere;1.0;production;LAM;ecoinvent_cutoff_3.9_remind_SSP2-PkBudg500_2030
26a3fd10ed914ddebc51196f456be329;carbon dioxide storage at hydrogen production plant, pre, pipeline 400km, storage 3000m;LAM;carbon dioxide storage at hydrogen production plant, pre, pipeline 400km, storage 3000m;;[];carbon dioxide storage at hydrogen production plant, pre, pipeline 400km, storage 3000m;-1.0;kilogram;carbon dioxide storage at hydrogen production plant, pre, pipeline 400km, storage 3000m;1.0;production;LAM;ecoinvent_cutoff_3.9_remind_SSP2-PkBudg500_2030
26f9a0370bef4a76872602f2a927b9ef;carbon dioxide storage at wood burning power plant 20 MW post, pipeline 200km, storage 1000m;CAZ;carbon dioxide storage at wood burning power plant 20 MW post, pipeline 200km, storage 1000m;;[];carbon dioxide storage at wood burning power plant 20 MW post, pipeline 200km, storage 1000m;-1.0;kilogram;carbon dioxide storage at wood burning power plant 20 MW post, pipeline 200km, storage 1000m;1.0;production;CAZ;ecoinvent_cutoff_3.9_remind_SSP2-PkBudg500_2030
273d238018554c4b9403d097e3f9661e;methane, from biological methanation, with carbon from atmosphere, using waste heat;USA;methane, from biological methanation;;[];carbon dioxide, captured from atmosphere, with a sorbent-based direct air capture system, 100ktCO2, with waste heat, and grid electricity;-2.75;kilogram;carbon dioxide, captured from atmosphere;;technosphere;USA;ecoinvent_cutoff_3.9_remind_SSP2-PkBudg500_2030
275f310b5b1c467193adde2d12aa2ca8;carbon dioxide, captured from atmosphere, with a solvent-based direct air capture system, 1MtCO2, with industrial steam heat, and grid electricity;MEA;carbon dioxide, captured from atmosphere;;[];carbon dioxide, captured from atmosphere, with a solvent-based direct air capture system, 1MtCO2, with industrial steam heat, and grid electricity;-1.0;kilogram;carbon dioxide, captured from atmosphere;1.0;production;MEA;ecoinvent_cutoff_3.9_remind_SSP2-PkBudg500_2030
2779ae67ec63410ba72387b52cc4cbcf;carbon dioxide, captured at cement production plant, with underground storage, post, 200 km;RER;carbon dioxide, captured and stored;;[];carbon dioxide, captured at cement production plant, with underground storage, post, 200 km;-1.0;kilogram;carbon dioxide, captured and stored;;production;RER;ecoinvent_cutoff_3.9_remind_SSP2-PkBudg500_2030
2779ae67ec63410ba72387b52cc4cbcf;carbon dioxide, captured at cement production plant, with underground storage, post, 200 km;RER;carbon dioxide, captured and stored;;[];carbon dioxide storage from hard coal, post, pipeline 200km, storage 1000m;-1.0;kilogram;carbon dioxide storage from hard coal, post, pipeline 200km, storage 1000m;;technosphere;EUR;ecoinvent_cutoff_3.9_remind_SSP2-PkBudg500_2030
2795382549ca49c183388801ea5263d9;carbon dioxide storage from lignite, post, pipeline 400km, storage 3000m;OAS;carbon dioxide storage from lignite, post, pipeline 400km, storage 3000m;;[];carbon dioxide storage from lignite, post, pipeline 400km, storage 3000m;-1.0;kilogram;carbon dioxide storage from lignite, post, pipeline 400km, storage 3000m;1.0;production;OAS;ecoinvent_cutoff_3.9_remind_SSP2-PkBudg500_2030
2797e228b9f645758fb62040f2e42e18;carbon dioxide, captured from lignite, oxy, pipeline 200km, storage 1000m;OAS;carbon dioxide, captured from lignite, oxy, pipeline 200km, storage 1000m;;[];carbon dioxide, captured from lignite, oxy, pipeline 200km, storage 1000m;-1.0;kilogram;carbon dioxide, captured from lignite, oxy, pipeline 200km, storage 1000m;1.0;production;OAS;ecoinvent_cutoff_3.9_remind_SSP2-PkBudg500_2030
2797e228b9f645758fb62040f2e42e18;carbon dioxide, captured from lignite, oxy, pipeline 200km, storage 1000m;OAS;carbon dioxide, captured from lignite, oxy, pipeline 200km, storage 1000m;;[];carbon dioxide storage from lignite, oxy, pipeline 200km, storage 1000m;-1.0;kilogram;carbon dioxide storage from lignite, oxy, pipeline 200km, storage 1000m;;technosphere;OAS;ecoinvent_cutoff_3.9_remind_SSP2-PkBudg500_2030
27bfb260a88642248e35e0bcd28f8e55;carbon dioxide, captured at cement production plant, integrated in fuel production chain;RER;carbon dioxide, captured and reused;;[];carbon dioxide, captured at cement production plant, integrated in fuel production chain;-1.0;kilogram;carbon dioxide, captured and reused;;production;RER;ecoinvent_cutoff_3.9_remind_SSP2-PkBudg500_2030
27c1507e93c545f18880fc8979d4998a;carbon dioxide storage from lignite, post, pipeline 200km, storage 1000m;CHA;carbon dioxide storage from lignite, post, pipeline 200km, storage 1000m;;[];carbon dioxide storage from lignite, post, pipeline 200km, storage 1000m;-1.0;kilogram;carbon dioxide storage from lignite, post, pipeline 200km, storage 1000m;1.0;production;CHA;ecoinvent_cutoff_3.9_remind_SSP2-PkBudg500_2030
27ec66d7235543c09454c7211146fd70;carbon dioxide storage from hard coal, post, pipeline 400km, storage 3000m;NEU;carbon dioxide storage from hard coal, post, pipeline 400km, storage 3000m;;[];carbon dioxide storage from hard coal, post, pipeline 400km, storage 3000m;-1.0;kilogram;carbon dioxide storage from hard coal, post, pipeline 400km, storage 3000m;1.0;production;NEU;ecoinvent_cutoff_3.9_remind_SSP2-PkBudg500_2030
28389f4237584a6281f662e54fb74ebf;carbon dioxide, captured from hard coal-fired power plant, post, pipeline 200km, storage 1000m;EUR;carbon dioxide, captured from hard coal-fired power plant, post, pipeline 200km, storage 1000m;;[];carbon dioxide, captured from hard coal-fired power plant, post, pipeline 200km, storage 1000m;-1.0;kilogram;carbon dioxide, captured from hard coal-fired power plant, post, pipeline 200km, storage 1000m;1.0;production;EUR;ecoinvent_cutoff_3.9_remind_SSP2-PkBudg500_2030
28389f4237584a6281f662e54fb74ebf;carbon dioxide, captured from hard coal-fired power plant, post, pipeline 200km, storage 1000m;EUR;carbon dioxide, captured from hard coal-fired power plant, post, pipeline 200km, storage 1000m;;[];carbon dioxide storage from hard coal, post, pipeline 200km, storage 1000m;-1.0;kilogram;carbon dioxide storage from hard coal, post, pipeline 200km, storage 1000m;;technosphere;EUR;ecoinvent_cutoff_3.9_remind_SSP2-PkBudg500_2030
284e62abca4143b2a62e8d5b1732ac5b;methane, from electrochemical methanation, with carbon from atmosphere, using heat pump heat;SSA;methane, from electrochemical methanation;;[];carbon dioxide, captured from atmosphere, with a solvent-based direct air capture system, 1MtCO2, with heat pump heat, and grid electricity;-2.750348675034868;kilogram;carbon dioxide, captured from atmosphere;;technosphere;SSA;ecoinvent_cutoff_3.9_remind_SSP2-PkBudg500_2030
288b4e5a7b7e4ae89a64c602edacfe17;carbon dioxide, captured from natural gas, post, 400km pipeline, storage 1000m;REF;carbon dioxide, captured from natural gas, post, 400km pipeline, storage 1000m;;[];carbon dioxide, captured from natural gas, post, 400km pipeline, storage 1000m;-1.0;kilogram;carbon dioxide, captured from natural gas, post, 400km pipeline, storage 1000m;1.0;production;REF;ecoinvent_cutoff_3.9_remind_SSP2-PkBudg500_2030
288b4e5a7b7e4ae89a64c602edacfe17;carbon dioxide, captured from natural gas, post, 400km pipeline, storage 1000m;REF;carbon dioxide, captured from natural gas, post, 400km pipeline, storage 1000m;;[];carbon dioxide storage from natural gas, post, 400km pipeline, storage 1000m;-1.0;kilogram;carbon dioxide storage from natural gas, post, 400km pipeline, storage 1000m;;technosphere;REF;ecoinvent_cutoff_3.9_remind_SSP2-PkBudg500_2030
28f30100f17144798c78db5ff5768316;carbon dioxide storage from hard coal, oxy, pipeline 200km, storage 1000m;JPN;carbon dioxide storage from hard coal, oxy, pipeline 200km, storage 1000m;;[];carbon dioxide storage from hard coal, oxy, pipeline 200km, storage 1000m;-1.0;kilogram;carbon dioxide storage from hard coal, oxy, pipeline 200km, storage 1000m;1.0;production;JPN;ecoinvent_cutoff_3.9_remind_SSP2-PkBudg500_2030
2942b5720ae74732bcbadc216cf9c9c9;carbon dioxide storage at hydrogen production plant, pre, pipeline 200km, storage 1000m;RER;carbon dioxide storage at hydrogen production plant, pre, pipeline 200km, storage 1000m;;[];carbon dioxide storage at hydrogen production plant, pre, pipeline 200km, storage 1000m;-1.0;kilogram;carbon dioxide storage at hydrogen production plant, pre, pipeline 200km, storage 1000m;;production;RER;ecoinvent_cutoff_3.9_remind_SSP2-PkBudg500_2030
2942b5720ae74732bcbadc216cf9c9c9;carbon dioxide storage at hydrogen production plant, pre, pipeline 200km, storage 1000m;RER;carbon dioxide storage at hydrogen production plant, pre, pipeline 200km, storage 1000m;;[];carbon dioxide storage at hydrogen production plant, pre, pipeline 200km, storage 1000m;-1.0;kilogram;carbon dioxide storage at hydrogen production plant, pre, pipeline 200km, storage 1000m;;technosphere;EUR;ecoinvent_cutoff_3.9_remind_SSP2-PkBudg500_2030
2950945113244afe8ad212063bd1daac;carbon dioxide, captured from lignite, pre, pipeline 200km, storage 1000m;JPN;carbon dioxide, captured from lignite, pre, pipeline 200km, storage 1000m;;[];carbon dioxide, captured from lignite, pre, pipeline 200km, storage 1000m;-1.0;kilogram;carbon dioxide, captured from lignite, pre, pipeline 200km, storage 1000m;1.0;production;JPN;ecoinvent_cutoff_3.9_remind_SSP2-PkBudg500_2030
2950945113244afe8ad212063bd1daac;carbon dioxide, captured from lignite, pre, pipeline 200km, storage 1000m;JPN;carbon dioxide, captured from lignite, pre, pipeline 200km, storage 1000m;;[];carbon dioxide storage from lignite, pre, pipeline 200km, storage 1000m;-1.0;kilogram;carbon dioxide storage from lignite, pre, pipeline 200km, storage 1000m;;technosphere;JPN;ecoinvent_cutoff_3.9_remind_SSP2-PkBudg500_2030
2a0675c133cc40b3a17d74a0db959c0d;carbon dioxide, captured from lignite, pre, pipeline 200km, storage 1000m;SSA;carbon dioxide, captured from lignite, pre, pipeline 200km, storage 1000m;;[];carbon dioxide, captured from lignite, pre, pipeline 200km, storage 1000m;-1.0;kilogram;carbon dioxide, captured from lignite, pre, pipeline 200km, storage 1000m;1.0;production;SSA;ecoinvent_cutoff_3.9_remind_SSP2-PkBudg500_2030
2a0675c133cc40b3a17d74a0db959c0d;carbon dioxide, captured from lignite, pre, pipeline 200km, storage 1000m;SSA;carbon dioxide, captured from lignite, pre, pipeline 200km, storage 1000m;;[];carbon dioxide storage from lignite, pre, pipeline 200km, storage 1000m;-1.0;kilogram;carbon dioxide storage from lignite, pre, pipeline 200km, storage 1000m;;technosphere;SSA;ecoinvent_cutoff_3.9_remind_SSP2-PkBudg500_2030
2a401fd34a174e9f99e54e8c97eb9dae;carbon dioxide storage at hydrogen production plant, pre, pipeline 200km, storage 1000m;USA;carbon dioxide storage at hydrogen production plant, pre, pipeline 200km, storage 1000m;;[];carbon dioxide storage at hydrogen production plant, pre, pipeline 200km, storage 1000m;-1.0;kilogram;carbon dioxide storage at hydrogen production plant, pre, pipeline 200km, storage 1000m;1.0;production;USA;ecoinvent_cutoff_3.9_remind_SSP2-PkBudg500_2030
2ac42706efea4ceb98cab3fcc391cd43;methane, from biological methanation, with carbon from atmosphere, using heat pump heat;CAZ;methane, from biological methanation;;[];carbon dioxide, captured from atmosphere, with a solvent-based direct air capture system, 1MtCO2, with heat pump heat, and grid electricity;-2.75;kilogram;carbon dioxide, captured from atmosphere;;technosphere;CAZ;ecoinvent_cutoff_3.9_remind_SSP2-PkBudg500_2030
2ad3db602aff46afaf18056d80aed9a3;hydrogen production, gaseous, 25 bar, from gasification of woody biomass in entrained flow gasifier, with CCS, at gasification plant;LAM;hydrogen, gaseous, 25 bar;;[];carbon dioxide, captured at hydrogen production plant, pre, pipeline 200km, storage 1000m;-19.58557;kilogram;carbon dioxide, captured at hydrogen production plant, pre, pipeline 200km, storage 1000m;;technosphere;RER;ecoinvent_cutoff_3.9_remind_SSP2-PkBudg500_2030
2af02e906691496a84ea26d2434eea69;carbon dioxide, captured from hard coal-fired power plant, oxy, pipeline 200km, storage 1000m;SSA;carbon dioxide, captured from hard coal-fired power plant, oxy, pipeline 200km, storage 1000m;;[];carbon dioxide, captured from hard coal-fired power plant, oxy, pipeline 200km, storage 1000m;-1.0;kilogram;carbon dioxide, captured from hard coal-fired power plant, oxy, pipeline 200km, storage 1000m;1.0;production;SSA;ecoinvent_cutoff_3.9_remind_SSP2-PkBudg500_2030
2af02e906691496a84ea26d2434eea69;carbon dioxide, captured from hard coal-fired power plant, oxy, pipeline 200km, storage 1000m;SSA;carbon dioxide, captured from hard coal-fired power plant, oxy, pipeline 200km, storage 1000m;;[];carbon dioxide storage from hard coal, oxy, pipeline 200km, storage 1000m;-1.0;kilogram;carbon dioxide storage from hard coal, oxy, pipeline 200km, storage 1000m;;technosphere;SSA;ecoinvent_cutoff_3.9_remind_SSP2-PkBudg500_2030
2b0efa91194a47d6a9af38b0237f6724;carbon dioxide, captured from atmosphere and stored, with a sorbent-based direct air capture system, 100ktCO2, with industrial steam heat, and grid electricity;IND;carbon dioxide, captured from atmosphere;;[];carbon dioxide, captured from atmosphere and stored, with a sorbent-based direct air capture system, 100ktCO2, with industrial steam heat, and grid electricity;-1.0;kilogram;carbon dioxide, captured from atmosphere;1.0;production;IND;ecoinvent_cutoff_3.9_remind_SSP2-PkBudg500_2030
2b15b9a438d7458da56e4eb4fbb8d4b8;electricity production, at natural gas-fired combined cycle power plant, post, pipeline 200km, storage 1000m;USA;electricity, high voltage;;[];carbon dioxide, captured from natural gas, post, 200km pipeline, storage 1000m;-0.3558777854040054;kilogram;carbon dioxide, captured from natural gas, post, 200km pipeline, storage 1000m;;technosphere;USA;ecoinvent_cutoff_3.9_remind_SSP2-PkBudg500_2030
2b6b8885d0eb4c4db9563424eb71d8f2;carbon dioxide storage at synthetic natural gas plant, post, 400km pipeline, storage 3000m;OAS;carbon dioxide storage at synthetic natural gas plant, post, 400km pipeline, storage 3000m;;[];carbon dioxide storage at synthetic natural gas plant, post, 400km pipeline, storage 3000m;-1.0;kilogram;carbon dioxide storage at synthetic natural gas plant, post, 400km pipeline, storage 3000m;1.0;production;OAS;ecoinvent_cutoff_3.9_remind_SSP2-PkBudg500_2030
2b74e5134a8f43989776aa8f65e9b718;carbon dioxide storage from hard coal, pre, pipeline 200km, storage 1000m;REF;carbon dioxide storage from hard coal, pre, pipeline 200km, storage 1000m;;[];carbon dioxide storage from hard coal, pre, pipeline 200km, storage 1000m;-1.0;kilogram;carbon dioxide storage from hard coal, pre, pipeline 200km, storage 1000m;1.0;production;REF;ecoinvent_cutoff_3.9_remind_SSP2-PkBudg500_2030
2b812b3b1ee64475b9a80b846c452b2c;electricity production, at lignite-fired power plant, oxy, pipeline 200km, storage 1000m;CAZ;electricity, high voltage;;[];carbon dioxide, captured from lignite, oxy, pipeline 200km, storage 1000m;-1.1237142857142859;kilogram;carbon dioxide, captured from lignite, oxy, pipeline 200km, storage 1000m;;technosphere;CAZ;ecoinvent_cutoff_3.9_remind_SSP2-PkBudg500_2030
2c2a289e188a41439ef104e12a8b70d1;carbon dioxide storage from hard coal, post, pipeline 400km, storage 1000m;JPN;carbon dioxide storage from hard coal, post, pipeline 400km, storage 1000m;;[];carbon dioxide storage from hard coal, post, pipeline 400km, storage 1000m;-1.0;kilogram;carbon dioxide storage from hard coal, post, pipeline 400km, storage 1000m;1.0;production;JPN;ecoinvent_cutoff_3.9_remind_SSP2-PkBudg500_2030
2c4ed58f827f4680b40b5953ff987c55;carbon dioxide storage from lignite, pre, pipeline 400km, storage 3000m;IND;carbon dioxide storage from lignite, pre, pipeline 400km, storage 3000m;;[];carbon dioxide storage from lignite, pre, pipeline 400km, storage 3000m;-1.0;kilogram;carbon dioxide storage from lignite, pre, pipeline 400km, storage 3000m;1.0;production;IND;ecoinvent_cutoff_3.9_remind_SSP2-PkBudg500_2030
2c684629ed2e4996b947b93b3e5993ae;steel production, converter, low-alloyed;USA;steel, low-alloyed;;[('ISIC rev.4 ecoinvent', '2410:Manufacture of basic iron and steel'), ('CPC', '41122: Alloy steel in ingots or other primary forms and semi-finished products of alloy steel')];carbon dioxide, captured at steel production plant, with underground storage, post, 200 km;-0.02075220867498693;kilogram;carbon dioxide, captured and stored;0.0;technosphere;USA;ecoinvent_cutoff_3.9_remind_SSP2-PkBudg500_2030
2cb0fe937b2b4f88ae9fcdbe15dec17f;carbon dioxide storage at synthetic natural gas plant, post, 400km pipeline, storage 3000m;RER;carbon dioxide storage at synthetic natural gas plant, post, 400km pipeline, storage 3000m;;[];carbon dioxide storage at synthetic natural gas plant, post, 400km pipeline, storage 3000m;-1.0;kilogram;carbon dioxide storage at synthetic natural gas plant, post, 400km pipeline, storage 3000m;;production;RER;ecoinvent_cutoff_3.9_remind_SSP2-PkBudg500_2030
2cb0fe937b2b4f88ae9fcdbe15dec17f;carbon dioxide storage at synthetic natural gas plant, post, 400km pipeline, storage 3000m;RER;carbon dioxide storage at synthetic natural gas plant, post, 400km pipeline, storage 3000m;;[];carbon dioxide storage at synthetic natural gas plant, post, 400km pipeline, storage 3000m;-1.0;kilogram;carbon dioxide storage at synthetic natural gas plant, post, 400km pipeline, storage 3000m;;technosphere;EUR;ecoinvent_cutoff_3.9_remind_SSP2-PkBudg500_2030
2cf910fc6ddf4a1baeba94e372ac6c08;carbon dioxide, captured from hard coal-fired power plant, pre, pipeline 200km, storage 1000m;LAM;carbon dioxide, captured from hard coal-fired power plant, pre, pipeline 200km, storage 1000m;;[];carbon dioxide, captured from hard coal-fired power plant, pre, pipeline 200km, storage 1000m;-1.0;kilogram;carbon dioxide, captured from hard coal-fired power plant, pre, pipeline 200km, storage 1000m;1.0;production;LAM;ecoinvent_cutoff_3.9_remind_SSP2-PkBudg500_2030
2cf910fc6ddf4a1baeba94e372ac6c08;carbon dioxide, captured from hard coal-fired power plant, pre, pipeline 200km, storage 1000m;LAM;carbon dioxide, captured from hard coal-fired power plant, pre, pipeline 200km, storage 1000m;;[];carbon dioxide storage from hard coal, pre, pipeline 200km, storage 1000m;-1.0;kilogram;carbon dioxide storage from hard coal, pre, pipeline 200km, storage 1000m;;technosphere;LAM;ecoinvent_cutoff_3.9_remind_SSP2-PkBudg500_2030
2cfde60871fc4ade9df34ac6dc1ced6b;electricity production, at biomass-fired IGCC power plant, pre, pipeline 200km, storage 1000m;World;electricity, high voltage;;[];carbon dioxide, captured at wood burning power plant 20 MW post, pipeline 200km, storage 1000m;-0.9143419354838712;kilogram;carbon dioxide, captured at wood burning power plant 20 MW post, pipeline 200km, storage 1000m;;technosphere;World;ecoinvent_cutoff_3.9_remind_SSP2-PkBudg500_2030
2d3110576f0b4c6fa5152aac6b98acf2;carbon dioxide storage from hard coal, post, pipeline 400km, storage 3000m;RER;carbon dioxide storage from hard coal, post, pipeline 400km, storage 3000m;;[];carbon dioxide storage from hard coal, post, pipeline 400km, storage 3000m;-1.0;kilogram;carbon dioxide storage from hard coal, post, pipeline 400km, storage 3000m;;production;RER;ecoinvent_cutoff_3.9_remind_SSP2-PkBudg500_2030
2d3110576f0b4c6fa5152aac6b98acf2;carbon dioxide storage from hard coal, post, pipeline 400km, storage 3000m;RER;carbon dioxide storage from hard coal, post, pipeline 400km, storage 3000m;;[];carbon dioxide storage from hard coal, post, pipeline 400km, storage 3000m;-1.0;kilogram;carbon dioxide storage from hard coal, post, pipeline 400km, storage 3000m;;technosphere;EUR;ecoinvent_cutoff_3.9_remind_SSP2-PkBudg500_2030
2d33a0fe3d0c473b84b39e1d4d44c9f4;carbon dioxide storage at hydrogen production plant, pre, pipeline 400km, storage 3000m;World;carbon dioxide storage at hydrogen production plant, pre, pipeline 400km, storage 3000m;;[];carbon dioxide storage at hydrogen production plant, pre, pipeline 400km, storage 3000m;-1.0;kilogram;carbon dioxide storage at hydrogen production plant, pre, pipeline 400km, storage 3000m;1.0;production;World;ecoinvent_cutoff_3.9_remind_SSP2-PkBudg500_2030
2dd5ba410ecf42dd9bb0e16cd6fdd893;carbon dioxide storage from lignite, pre, pipeline 200km, storage 1000m;SSA;carbon dioxide storage from lignite, pre, pipeline 200km, storage 1000m;;[];carbon dioxide storage from lignite, pre, pipeline 200km, storage 1000m;-1.0;kilogram;carbon dioxide storage from lignite, pre, pipeline 200km, storage 1000m;1.0;production;SSA;ecoinvent_cutoff_3.9_remind_SSP2-PkBudg500_2030
2dd5c15502f7436a83cfc48b50b8f214;hydrogen production, gaseous, 30 bar, from hard coal gasification and reforming, with CCS, at coal gasification plant;CHA;hydrogen, gaseous, 30 bar;;[];carbon dioxide, captured at hydrogen production plant, pre, pipeline 400km, storage 3000m;-15.29;kilogram;carbon dioxide, captured at hydrogen production plant, pre, pipeline 400km, storage 3000m;;technosphere;RER;ecoinvent_cutoff_3.9_remind_SSP2-PkBudg500_2030
2e1e06b135354ca488fee388e83ea8bf;carbon dioxide, captured from hard coal-fired power plant, oxy, pipeline 200km, storage 1000m;RER;carbon dioxide, captured from hard coal-fired power plant, oxy, pipeline 200km, storage 1000m;;[];carbon dioxide, captured from hard coal-fired power plant, oxy, pipeline 200km, storage 1000m;-1.0;kilogram;carbon dioxide, captured from hard coal-fired power plant, oxy, pipeline 200km, storage 1000m;;production;RER;ecoinvent_cutoff_3.9_remind_SSP2-PkBudg500_2030
2e1e06b135354ca488fee388e83ea8bf;carbon dioxide, captured from hard coal-fired power plant, oxy, pipeline 200km, storage 1000m;RER;carbon dioxide, captured from hard coal-fired power plant, oxy, pipeline 200km, storage 1000m;;[];carbon dioxide, captured from hard coal-fired power plant, oxy, pipeline 200km, storage 1000m;-1.0;kilogram;carbon dioxide, captured from hard coal-fired power plant, oxy, pipeline 200km, storage 1000m;;technosphere;EUR;ecoinvent_cutoff_3.9_remind_SSP2-PkBudg500_2030
2e44cab8e8824e0aac3463cbfe7c118a;ethanol production, via fermentation, from corn, with carbon capture and storage, energy allocation;REF;ethanol, from corn;;[];carbon dioxide storage at wood burning power plant 20 MW post, pipeline 200km, storage 1000m;-1.1946233679702067;kilogram;carbon dioxide storage at wood burning power plant 20 MW post, pipeline 200km, storage 1000m;;technosphere;REF;ecoinvent_cutoff_3.9_remind_SSP2-PkBudg500_2030
2e7fdd3a51c94300820e87500a021d82;carbon dioxide, captured from atmosphere, with a sorbent-based direct air capture system, 100ktCO2, with waste heat, and grid electricity;CHA;carbon dioxide, captured from atmosphere;;[];carbon dioxide, captured from atmosphere, with a sorbent-based direct air capture system, 100ktCO2, with waste heat, and grid electricity;-1.0;kilogram;carbon dioxide, captured from atmosphere;1.0;production;CHA;ecoinvent_cutoff_3.9_remind_SSP2-PkBudg500_2030
2e85a81ea22e4677871373fb008b0047;carbon dioxide storage at synthetic natural gas plant, post, 400km pipeline, storage 3000m;JPN;carbon dioxide storage at synthetic natural gas plant, post, 400km pipeline, storage 3000m;;[];carbon dioxide storage at synthetic natural gas plant, post, 400km pipeline, storage 3000m;-1.0;kilogram;carbon dioxide storage at synthetic natural gas plant, post, 400km pipeline, storage 3000m;1.0;production;JPN;ecoinvent_cutoff_3.9_remind_SSP2-PkBudg500_2030
2f043faf17184ecfbf4e1c812afe649d;carbon dioxide storage from lignite, oxy, pipeline 400km, storage 3000m;JPN;carbon dioxide storage from lignite, oxy, pipeline 400km, storage 3000m;;[];carbon dioxide storage from lignite, oxy, pipeline 400km, storage 3000m;-1.0;kilogram;carbon dioxide storage from lignite, oxy, pipeline 400km, storage 3000m;1.0;production;JPN;ecoinvent_cutoff_3.9_remind_SSP2-PkBudg500_2030
300d2ef4167b47d083c6a0bd8ba1d5be;methanol synthesis, hydrogen from electrolysis, CO2 from DAC;NEU;methanol, unpurified;;[];carbon dioxide, captured from atmosphere, with a solvent-based direct air capture system, 1MtCO2, with heat pump heat, and grid electricity;-1.6904231625835189;kilogram;carbon dioxide, captured from atmosphere;;technosphere;NEU;ecoinvent_cutoff_3.9_remind_SSP2-PkBudg500_2030
30b9e5a5e51f4d7781f8dcd31831fb6a;carbon dioxide, captured from lignite, post, pipeline 200km, storage 1000m;CHA;carbon dioxide, captured from lignite, post, pipeline 200km, storage 1000m;;[];carbon dioxide, captured from lignite, post, pipeline 200km, storage 1000m;-1.0;kilogram;carbon dioxide, captured from lignite, post, pipeline 200km, storage 1000m;1.0;production;CHA;ecoinvent_cutoff_3.9_remind_SSP2-PkBudg500_2030
30b9e5a5e51f4d7781f8dcd31831fb6a;carbon dioxide, captured from lignite, post, pipeline 200km, storage 1000m;CHA;carbon dioxide, captured from lignite, post, pipeline 200km, storage 1000m;;[];carbon dioxide storage from lignite, post, pipeline 200km, storage 1000m;-1.0;kilogram;carbon dioxide storage from lignite, post, pipeline 200km, storage 1000m;;technosphere;CHA;ecoinvent_cutoff_3.9_remind_SSP2-PkBudg500_2030
30f9ce1c2ef34300bdc69284b312e5c9;hydrogen production, steam methane reforming of natural gas, with CCS (MDEA, 98% eff.), 25 bar;USA;hydrogen, gaseous, 25 bar;;[];carbon dioxide, captured at hydrogen production plant, pre, pipeline 200km, storage 1000m;-6.161167019605815;kilogram;carbon dioxide, captured at hydrogen production plant, pre, pipeline 200km, storage 1000m;;technosphere;RER;ecoinvent_cutoff_3.9_remind_SSP2-PkBudg500_2030
310294c998ab463daa33362b7688c91a;carbon dioxide, captured at wood burning power plant 20 MW post, pipeline 200km, storage 1000m;World;carbon dioxide, captured at wood burning power plant 20 MW post, pipeline 200km, storage 1000m;;[];carbon dioxide, captured at wood burning power plant 20 MW post, pipeline 200km, storage 1000m;-1.0;kilogram;carbon dioxide, captured at wood burning power plant 20 MW post, pipeline 200km, storage 1000m;1.0;production;World;ecoinvent_cutoff_3.9_remind_SSP2-PkBudg500_2030
310294c998ab463daa33362b7688c91a;carbon dioxide, captured at wood burning power plant 20 MW post, pipeline 200km, storage 1000m;World;carbon dioxide, captured at wood burning power plant 20 MW post, pipeline 200km, storage 1000m;;[];carbon dioxide storage at wood burning power plant 20 MW post, pipeline 200km, storage 1000m;-1.0;kilogram;carbon dioxide storage at wood burning power plant 20 MW post, pipeline 200km, storage 1000m;;technosphere;World;ecoinvent_cutoff_3.9_remind_SSP2-PkBudg500_2030
31cf814aa0a04720bd944666c129fc00;electricity production, at hard coal-fired power plant, ultra-super critical, oxy, pipeline 200km, storage 1000m;LAM;electricity, high voltage;;[];carbon dioxide, captured from hard coal-fired power plant, oxy, pipeline 200km, storage 1000m;-0.8378999999996097;kilogram;carbon dioxide, captured from hard coal-fired power plant, oxy, pipeline 200km, storage 1000m;;technosphere;LAM;ecoinvent_cutoff_3.9_remind_SSP2-PkBudg500_2030
325c231143234b49a31c90b918990a33;methane, from biological methanation, with carbon from atmosphere, using waste heat;REF;methane, from biological methanation;;[];carbon dioxide, captured from atmosphere, with a sorbent-based direct air capture system, 100ktCO2, with waste heat, and grid electricity;-2.75;kilogram;carbon dioxide, captured from atmosphere;;technosphere;REF;ecoinvent_cutoff_3.9_remind_SSP2-PkBudg500_2030
32835dcd264e45d2a871a7cf4a606dbd;carbon dioxide, captured from atmosphere, with a sorbent-based direct air capture system, 100ktCO2, with heat pump heat, and grid electricity;MEA;carbon dioxide, captured from atmosphere;;[];carbon dioxide, captured from atmosphere, with a sorbent-based direct air capture system, 100ktCO2, with heat pump heat, and grid electricity;-1.0;kilogram;carbon dioxide, captured from atmosphere;1.0;production;MEA;ecoinvent_cutoff_3.9_remind_SSP2-PkBudg500_2030
32aee346a9214a6986e33cc50b6f29c4;methane, from biological methanation, with carbon from atmosphere, using waste heat;World;methane, from biological methanation;;[];carbon dioxide, captured from atmosphere, with a sorbent-based direct air capture system, 100ktCO2, with waste heat, and grid electricity;-2.75;kilogram;carbon dioxide, captured from atmosphere;;technosphere;World;ecoinvent_cutoff_3.9_remind_SSP2-PkBudg500_2030
32bf3b70a1bb4dd18d5917e8f877f9e2;carbon dioxide storage from natural gas, pre, 400km pipeline, storage 3000m;OAS;carbon dioxide storage from natural gas, pre, 400km pipeline, storage 3000m;;[];carbon dioxide storage from natural gas, pre, 400km pipeline, storage 3000m;-1.0;kilogram;carbon dioxide storage from natural gas, pre, 400km pipeline, storage 3000m;1.0;production;OAS;ecoinvent_cutoff_3.9_remind_SSP2-PkBudg500_2030
32e949586d9e41f4993368bda7415f38;carbon dioxide, captured from lignite, pre, pipeline 200km, storage 1000m;USA;carbon dioxide, captured from lignite, pre, pipeline 200km, storage 1000m;;[];carbon dioxide, captured from lignite, pre, pipeline 200km, storage 1000m;-1.0;kilogram;carbon dioxide, captured from lignite, pre, pipeline 200km, storage 1000m;1.0;production;USA;ecoinvent_cutoff_3.9_remind_SSP2-PkBudg500_2030
32e949586d9e41f4993368bda7415f38;carbon dioxide, captured from lignite, pre, pipeline 200km, storage 1000m;USA;carbon dioxide, captured from lignite, pre, pipeline 200km, storage 1000m;;[];carbon dioxide storage from lignite, pre, pipeline 200km, storage 1000m;-1.0;kilogram;carbon dioxide storage from lignite, pre, pipeline 200km, storage 1000m;;technosphere;USA;ecoinvent_cutoff_3.9_remind_SSP2-PkBudg500_2030
32f8283821e045269edfeb1adfd5d128;carbon dioxide storage from hard coal, post, pipeline 400km, storage 3000m;SSA;carbon dioxide storage from hard coal, post, pipeline 400km, storage 3000m;;[];carbon dioxide storage from hard coal, post, pipeline 400km, storage 3000m;-1.0;kilogram;carbon dioxide storage from hard coal, post, pipeline 400km, storage 3000m;1.0;production;SSA;ecoinvent_cutoff_3.9_remind_SSP2-PkBudg500_2030
330be10fc67a4ff9bd79c834a27020e5;hydrogen production, steam methane reforming, from biomethane, high and low temperature, with CCS (MDEA, 98% eff.), 26 bar;OAS;hydrogen, gaseous, 26 bar;;[];carbon dioxide, captured at hydrogen production plant, pre, pipeline 200km, storage 1000m;-6.149690995325822;kilogram;carbon dioxide, captured at hydrogen production plant, pre, pipeline 200km, storage 1000m;;technosphere;RER;ecoinvent_cutoff_3.9_remind_SSP2-PkBudg500_2030
33379841507c451faf14c603495e1f9a;carbon dioxide, captured from atmosphere and stored, with a sorbent-based direct air capture system, 100ktCO2, with waste heat, and grid electricity;SSA;carbon dioxide, captured from atmosphere;;[];carbon dioxide, captured from atmosphere and stored, with a sorbent-based direct air capture system, 100ktCO2, with waste heat, and grid electricity;-1.0;kilogram;carbon dioxide, captured from atmosphere;1.0;production;SSA;ecoinvent_cutoff_3.9_remind_SSP2-PkBudg500_2030
3355183758fc4b228db95ddded0e360e;carbon dioxide, captured from lignite, post, pipeline 200km, storage 1000m;USA;carbon dioxide, captured from lignite, post, pipeline 200km, storage 1000m;;[];carbon dioxide, captured from lignite, post, pipeline 200km, storage 1000m;-1.0;kilogram;carbon dioxide, captured from lignite, post, pipeline 200km, storage 1000m;1.0;production;USA;ecoinvent_cutoff_3.9_remind_SSP2-PkBudg500_2030
3355183758fc4b228db95ddded0e360e;carbon dioxide, captured from lignite, post, pipeline 200km, storage 1000m;USA;carbon dioxide, captured from lignite, post, pipeline 200km, storage 1000m;;[];carbon dioxide storage from lignite, post, pipeline 200km, storage 1000m;-1.0;kilogram;carbon dioxide storage from lignite, post, pipeline 200km, storage 1000m;;technosphere;USA;ecoinvent_cutoff_3.9_remind_SSP2-PkBudg500_2030
335af1f5834f4590a430b961fffc9bdb;carbon dioxide storage at wood burning power plant 20 MW post, pipeline 200km, storage 1000m;IND;carbon dioxide storage at wood burning power plant 20 MW post, pipeline 200km, storage 1000m;;[];carbon dioxide storage at wood burning power plant 20 MW post, pipeline 200km, storage 1000m;-1.0;kilogram;carbon dioxide storage at wood burning power plant 20 MW post, pipeline 200km, storage 1000m;1.0;production;IND;ecoinvent_cutoff_3.9_remind_SSP2-PkBudg500_2030
33e9cc49bb44491fb98c2ca21d64fd0c;carbon dioxide, captured from lignite, pre, pipeline 200km, storage 1000m;OAS;carbon dioxide, captured from lignite, pre, pipeline 200km, storage 1000m;;[];carbon dioxide, captured from lignite, pre, pipeline 200km, storage 1000m;-1.0;kilogram;carbon dioxide, captured from lignite, pre, pipeline 200km, storage 1000m;1.0;production;OAS;ecoinvent_cutoff_3.9_remind_SSP2-PkBudg500_2030
33e9cc49bb44491fb98c2ca21d64fd0c;carbon dioxide, captured from lignite, pre, pipeline 200km, storage 1000m;OAS;carbon dioxide, captured from lignite, pre, pipeline 200km, storage 1000m;;[];carbon dioxide storage from lignite, pre, pipeline 200km, storage 1000m;-1.0;kilogram;carbon dioxide storage from lignite, pre, pipeline 200km, storage 1000m;;technosphere;OAS;ecoinvent_cutoff_3.9_remind_SSP2-PkBudg500_2030
3417b142f2f248b2a79f7decbdbd0d60;carbon dioxide storage from hard coal, pre, pipeline 400km, storage 3000m;LAM;carbon dioxide storage from hard coal, pre, pipeline 400km, storage 3000m;;[];carbon dioxide storage from hard coal, pre, pipeline 400km, storage 3000m;-1.0;kilogram;carbon dioxide storage from hard coal, pre, pipeline 400km, storage 3000m;1.0;production;LAM;ecoinvent_cutoff_3.9_remind_SSP2-PkBudg500_2030
34a94ca00e134784ad4a2756a8e66e47;carbon dioxide storage from hard coal, post, pipeline 200km, storage 1000m;USA;carbon dioxide storage from hard coal, post, pipeline 200km, storage 1000m;;[];carbon dioxide storage from hard coal, post, pipeline 200km, storage 1000m;-1.0;kilogram;carbon dioxide storage from hard coal, post, pipeline 200km, storage 1000m;1.0;production;USA;ecoinvent_cutoff_3.9_remind_SSP2-PkBudg500_2030
34c24be81dc2477389c8061bff83bbcb;carbon dioxide storage at hydrogen production plant, pre, pipeline 200km, storage 1000m;MEA;carbon dioxide storage at hydrogen production plant, pre, pipeline 200km, storage 1000m;;[];carbon dioxide storage at hydrogen production plant, pre, pipeline 200km, storage 1000m;-1.0;kilogram;carbon dioxide storage at hydrogen production plant, pre, pipeline 200km, storage 1000m;1.0;production;MEA;ecoinvent_cutoff_3.9_remind_SSP2-PkBudg500_2030
34d9cd23d358498fa7ae53295be6859c;ethanol production, via fermentation, from switchgrass, with carbon capture and storage, energy allocation;JPN;ethanol, from switchgrass;;[];carbon dioxide storage at wood burning power plant 20 MW post, pipeline 200km, storage 1000m;-3.6597753976440037;kilogram;carbon dioxide storage at wood burning power plant 20 MW post, pipeline 200km, storage 1000m;;technosphere;JPN;ecoinvent_cutoff_3.9_remind_SSP2-PkBudg500_2030
35e9f0ce51f6473a8e3f2e0a9277c93e;carbon dioxide, captured from atmosphere, with a sorbent-based direct air capture system, 100ktCO2, with industrial steam heat, and grid electricity;OAS;carbon dioxide, captured from atmosphere;;[];carbon dioxide, captured from atmosphere, with a sorbent-based direct air capture system, 100ktCO2, with industrial steam heat, and grid electricity;-1.0;kilogram;carbon dioxide, captured from atmosphere;1.0;production;OAS;ecoinvent_cutoff_3.9_remind_SSP2-PkBudg500_2030
362243202c0d4fe48a36db1d235079b1;carbon dioxide, captured from hard coal-fired power plant, oxy, pipeline 200km, storage 1000m;USA;carbon dioxide, captured from hard coal-fired power plant, oxy, pipeline 200km, storage 1000m;;[];carbon dioxide, captured from hard coal-fired power plant, oxy, pipeline 200km, storage 1000m;-1.0;kilogram;carbon dioxide, captured from hard coal-fired power plant, oxy, pipeline 200km, storage 1000m;1.0;production;USA;ecoinvent_cutoff_3.9_remind_SSP2-PkBudg500_2030
362243202c0d4fe48a36db1d235079b1;carbon dioxide, captured from hard coal-fired power plant, oxy, pipeline 200km, storage 1000m;USA;carbon dioxide, captured from hard coal-fired power plant, oxy, pipeline 200km, storage 1000m;;[];carbon dioxide storage from hard coal, oxy, pipeline 200km, storage 1000m;-1.0;kilogram;carbon dioxide storage from hard coal, oxy, pipeline 200km, storage 1000m;;technosphere;USA;ecoinvent_cutoff_3.9_remind_SSP2-PkBudg500_2030
3703954515074f03aa3c278438bf15b3;carbon dioxide, captured at cement production plant, for subsequent reuse;RER;carbon dioxide, captured and reused;;[];carbon dioxide, captured at cement production plant, for subsequent reuse;-1.0;kilogram;carbon dioxide, captured and reused;;production;RER;ecoinvent_cutoff_3.9_remind_SSP2-PkBudg500_2030
3737f3a82d5843a887b68d044f0324ed;steel production, converter, unalloyed;CAZ;steel, unalloyed;;[('ISIC rev.4 ecoinvent', '2410:Manufacture of basic iron and steel'), ('CPC', '41121: Non-alloy steel in ingots or other primary forms, and semi-finished products of non-alloy steel')];carbon dioxide, captured at steel production plant, with underground storage, post, 200 km;-0.020758562715760515;kilogram;carbon dioxide, captured and stored;0.0;technosphere;CAZ;ecoinvent_cutoff_3.9_remind_SSP2-PkBudg500_2030
37bad86eef3c4f09bfd8edc4028c59c6;carbon dioxide storage from hard coal, post, pipeline 200km, storage 1000m;REF;carbon dioxide storage from hard coal, post, pipeline 200km, storage 1000m;;[];carbon dioxide storage from hard coal, post, pipeline 200km, storage 1000m;-1.0;kilogram;carbon dioxide storage from hard coal, post, pipeline 200km, storage 1000m;1.0;production;REF;ecoinvent_cutoff_3.9_remind_SSP2-PkBudg500_2030
3806b2d72ef94efd8535b47a8f10e385;carbon dioxide storage from hard coal, pre, pipeline 200km, storage 1000m;USA;carbon dioxide storage from hard coal, pre, pipeline 200km, storage 1000m;;[];carbon dioxide storage from hard coal, pre, pipeline 200km, storage 1000m;-1.0;kilogram;carbon dioxide storage from hard coal, pre, pipeline 200km, storage 1000m;1.0;production;USA;ecoinvent_cutoff_3.9_remind_SSP2-PkBudg500_2030
388bb40606c242c08b8d3ff05d1e60cf;carbon dioxide, captured from natural gas, post, 400km pipeline, storage 1000m;OAS;carbon dioxide, captured from natural gas, post, 400km pipeline, storage 1000m;;[];carbon dioxide, captured from natural gas, post, 400km pipeline, storage 1000m;-1.0;kilogram;carbon dioxide, captured from natural gas, post, 400km pipeline, storage 1000m;1.0;production;OAS;ecoinvent_cutoff_3.9_remind_SSP2-PkBudg500_2030
388bb40606c242c08b8d3ff05d1e60cf;carbon dioxide, captured from natural gas, post, 400km pipeline, storage 1000m;OAS;carbon dioxide, captured from natural gas, post, 400km pipeline, storage 1000m;;[];carbon dioxide storage from natural gas, post, 400km pipeline, storage 1000m;-1.0;kilogram;carbon dioxide storage from natural gas, post, 400km pipeline, storage 1000m;;technosphere;OAS;ecoinvent_cutoff_3.9_remind_SSP2-PkBudg500_2030
39a185f9f27044f990cfba8ce728f2fe;electricity production, at biomass-fired IGCC power plant, pre, pipeline 200km, storage 1000m;NEU;electricity, high voltage;;[];carbon dioxide, captured at wood burning power plant 20 MW post, pipeline 200km, storage 1000m;-0.9143419354838712;kilogram;carbon dioxide, captured at wood burning power plant 20 MW post, pipeline 200km, storage 1000m;;technosphere;NEU;ecoinvent_cutoff_3.9_remind_SSP2-PkBudg500_2030
39d79edee4ec416ea9111f7970959ad3;carbon dioxide, captured from natural gas, post, 400km pipeline, storage 1000m;LAM;carbon dioxide, captured from natural gas, post, 400km pipeline, storage 1000m;;[];carbon dioxide, captured from natural gas, post, 400km pipeline, storage 1000m;-1.0;kilogram;carbon dioxide, captured from natural gas, post, 400km pipeline, storage 1000m;1.0;production;LAM;ecoinvent_cutoff_3.9_remind_SSP2-PkBudg500_2030
39d79edee4ec416ea9111f7970959ad3;carbon dioxide, captured from natural gas, post, 400km pipeline, storage 1000m;LAM;carbon dioxide, captured from natural gas, post, 400km pipeline, storage 1000m;;[];carbon dioxide storage from natural gas, post, 400km pipeline, storage 1000m;-1.0;kilogram;carbon dioxide storage from natural gas, post, 400km pipeline, storage 1000m;;technosphere;LAM;ecoinvent_cutoff_3.9_remind_SSP2-PkBudg500_2030
3a248b7fe8964f0192327f89bb98b12e;electricity production, at hard coal-fired power plant, post, pipeline 200km, storage 1000m;REF;electricity, high voltage;;[];carbon dioxide, captured from hard coal-fired power plant, post, pipeline 200km, storage 1000m;-0.9072000000000003;kilogram;carbon dioxide, captured from hard coal-fired power plant, post, pipeline 200km, storage 1000m;;technosphere;REF;ecoinvent_cutoff_3.9_remind_SSP2-PkBudg500_2030
3ab7b4748d6c47deb969f1f19dc89253;carbon dioxide storage at hydrogen production plant, pre, pipeline 400km, storage 3000m;REF;carbon dioxide storage at hydrogen production plant, pre, pipeline 400km, storage 3000m;;[];carbon dioxide storage at hydrogen production plant, pre, pipeline 400km, storage 3000m;-1.0;kilogram;carbon dioxide storage at hydrogen production plant, pre, pipeline 400km, storage 3000m;1.0;production;REF;ecoinvent_cutoff_3.9_remind_SSP2-PkBudg500_2030
3af822b1c1e24d98ab0a0b6a21afb6fd;carbon dioxide, captured from atmosphere and stored, with a solvent-based direct air capture system, 1MtCO2, with industrial steam heat, and grid electricity;CAZ;carbon dioxide, captured from atmosphere;;[];carbon dioxide, captured from atmosphere and stored, with a solvent-based direct air capture system, 1MtCO2, with industrial steam heat, and grid electricity;-1.0;kilogram;carbon dioxide, captured from atmosphere;1.0;production;CAZ;ecoinvent_cutoff_3.9_remind_SSP2-PkBudg500_2030
3b2889692aea46bbab465cd603f5e446;carbon dioxide, captured from atmosphere, with a sorbent-based direct air capture system, 100ktCO2, with industrial steam heat, and grid electricity;EUR;carbon dioxide, captured from atmosphere;;[];carbon dioxide, captured from atmosphere, with a sorbent-based direct air capture system, 100ktCO2, with industrial steam heat, and grid electricity;-1.0;kilogram;carbon dioxide, captured from atmosphere;1.0;production;EUR;ecoinvent_cutoff_3.9_remind_SSP2-PkBudg500_2030
3b9e5b9160aa4268bd567a7c2001bfa8;carbon dioxide, captured from lignite, oxy, pipeline 200km, storage 1000m;USA;carbon dioxide, captured from lignite, oxy, pipeline 200km, storage 1000m;;[];carbon dioxide, captured from lignite, oxy, pipeline 200km, storage 1000m;-1.0;kilogram;carbon dioxide, captured from lignite, oxy, pipeline 200km, storage 1000m;1.0;production;USA;ecoinvent_cutoff_3.9_remind_SSP2-PkBudg500_2030
3b9e5b9160aa4268bd567a7c2001bfa8;carbon dioxide, captured from lignite, oxy, pipeline 200km, storage 1000m;USA;carbon dioxide, captured from lignite, oxy, pipeline 200km, storage 1000m;;[];carbon dioxide storage from lignite, oxy, pipeline 200km, storage 1000m;-1.0;kilogram;carbon dioxide storage from lignite, oxy, pipeline 200km, storage 1000m;;technosphere;USA;ecoinvent_cutoff_3.9_remind_SSP2-PkBudg500_2030
3bf1ba8c528645acbced71179f50a9ea;methane, from electrochemical methanation, with carbon from atmosphere, using waste heat;NEU;methane, from electrochemical methanation;;[];carbon dioxide, captured from atmosphere, with a sorbent-based direct air capture system, 100ktCO2, with waste heat, and grid electricity;-2.750348675034868;kilogram;carbon dioxide, captured from atmosphere;;technosphere;NEU;ecoinvent_cutoff_3.9_remind_SSP2-PkBudg500_2030
3bf9a4364f2d4db8b12a427e987d4d3a;ethanol production, via fermentation, from sugarcane, with carbon capture and storage, economic allocation;US;ethanol, from sugarcane;;[];carbon dioxide storage at wood burning power plant 20 MW post, pipeline 200km, storage 1000m;-4.065419723377794;kilogram;carbon dioxide storage at wood burning power plant 20 MW post, pipeline 200km, storage 1000m;;technosphere;USA;ecoinvent_cutoff_3.9_remind_SSP2-PkBudg500_2030
3bfd4513b0f54bf78400dab455a7b599;carbon dioxide, captured from lignite, oxy, pipeline 200km, storage 1000m;SSA;carbon dioxide, captured from lignite, oxy, pipeline 200km, storage 1000m;;[];carbon dioxide, captured from lignite, oxy, pipeline 200km, storage 1000m;-1.0;kilogram;carbon dioxide, captured from lignite, oxy, pipeline 200km, storage 1000m;1.0;production;SSA;ecoinvent_cutoff_3.9_remind_SSP2-PkBudg500_2030
3bfd4513b0f54bf78400dab455a7b599;carbon dioxide, captured from lignite, oxy, pipeline 200km, storage 1000m;SSA;carbon dioxide, captured from lignite, oxy, pipeline 200km, storage 1000m;;[];carbon dioxide storage from lignite, oxy, pipeline 200km, storage 1000m;-1.0;kilogram;carbon dioxide storage from lignite, oxy, pipeline 200km, storage 1000m;;technosphere;SSA;ecoinvent_cutoff_3.9_remind_SSP2-PkBudg500_2030
3c3e2f6dc01b420aabf04d7cc852aa43;carbon dioxide storage from hard coal, pre, pipeline 400km, storage 3000m;USA;carbon dioxide storage from hard coal, pre, pipeline 400km, storage 3000m;;[];carbon dioxide storage from hard coal, pre, pipeline 400km, storage 3000m;-1.0;kilogram;carbon dioxide storage from hard coal, pre, pipeline 400km, storage 3000m;1.0;production;USA;ecoinvent_cutoff_3.9_remind_SSP2-PkBudg500_2030
3ce276ee8a0f41559cbaa45791b78c76;carbon dioxide, captured from hard coal-fired power plant, post, pipeline 400km, storage 1000m;IND;carbon dioxide, captured from hard coal-fired power plant, post, pipeline 400km, storage 1000m;;[];carbon dioxide, captured from hard coal-fired power plant, post, pipeline 400km, storage 1000m;-1.0;kilogram;carbon dioxide, captured from hard coal-fired power plant, post, pipeline 400km, storage 1000m;1.0;production;IND;ecoinvent_cutoff_3.9_remind_SSP2-PkBudg500_2030
3ce276ee8a0f41559cbaa45791b78c76;carbon dioxide, captured from hard coal-fired power plant, post, pipeline 400km, storage 1000m;IND;carbon dioxide, captured from hard coal-fired power plant, post, pipeline 400km, storage 1000m;;[];carbon dioxide storage from hard coal, post, pipeline 400km, storage 1000m;-1.0;kilogram;carbon dioxide storage from hard coal, post, pipeline 400km, storage 1000m;;technosphere;IND;ecoinvent_cutoff_3.9_remind_SSP2-PkBudg500_2030
3cf1c862087c4a67a8cd497f069bdaea;carbon dioxide, captured from atmosphere and stored, with a solvent-based direct air capture system, 1MtCO2, with heat pump heat, and grid electricity;EUR;carbon dioxide, captured from atmosphere;;[];carbon dioxide, captured from atmosphere and stored, with a solvent-based direct air capture system, 1MtCO2, with heat pump heat, and grid electricity;-1.0;kilogram;carbon dioxide, captured from atmosphere;1.0;production;EUR;ecoinvent_cutoff_3.9_remind_SSP2-PkBudg500_2030
3d0a342610d746f6b1384f0160415f8d;carbon dioxide, captured from atmosphere, with a solvent-based direct air capture system, 1MtCO2, with industrial steam heat, and grid electricity;OAS;carbon dioxide, captured from atmosphere;;[];carbon dioxide, captured from atmosphere, with a solvent-based direct air capture system, 1MtCO2, with industrial steam heat, and grid electricity;-1.0;kilogram;carbon dioxide, captured from atmosphere;1.0;production;OAS;ecoinvent_cutoff_3.9_remind_SSP2-PkBudg500_2030
3d22bd21746e40508f0a2607b2bb435a;methane, from electrochemical methanation, with carbon from atmosphere, using heat pump heat;MEA;methane, from electrochemical methanation;;[];carbon dioxide, captured from atmosphere, with a solvent-based direct air capture system, 1MtCO2, with heat pump heat, and grid electricity;-2.750348675034868;kilogram;carbon dioxide, captured from atmosphere;;technosphere;MEA;ecoinvent_cutoff_3.9_remind_SSP2-PkBudg500_2030
3d76730a00794a2d8e3b48ba20605a9f;hydrogen production, steam methane reforming, from biomethane, high and low temperature, with CCS (MDEA, 98% eff.), 26 bar;JPN;hydrogen, gaseous, 26 bar;;[];carbon dioxide, captured at hydrogen production plant, pre, pipeline 200km, storage 1000m;-6.149690995325822;kilogram;carbon dioxide, captured at hydrogen production plant, pre, pipeline 200km, storage 1000m;;technosphere;RER;ecoinvent_cutoff_3.9_remind_SSP2-PkBudg500_2030
3d8f088c56014b028d59335461e0b47c;carbon dioxide storage from lignite, pre, pipeline 400km, storage 3000m;OAS;carbon dioxide storage from lignite, pre, pipeline 400km, storage 3000m;;[];carbon dioxide storage from lignite, pre, pipeline 400km, storage 3000m;-1.0;kilogram;carbon dioxide storage from lignite, pre, pipeline 400km, storage 3000m;1.0;production;OAS;ecoinvent_cutoff_3.9_remind_SSP2-PkBudg500_2030
3d93d783af54495796d931748b3a854e;carbon monoxide, from RWGS, for Fischer Tropsch process, hydrogen from electrolysis;CHA;carbon monoxide, from RWGS;;[];carbon dioxide, captured from atmosphere, with a solvent-based direct air capture system, 1MtCO2, with heat pump heat, and grid electricity;-1.57;kilogram;carbon dioxide, captured from atmosphere;;technosphere;CHA;ecoinvent_cutoff_3.9_remind_SSP2-PkBudg500_2030
3d9a1e25bef044598c2ed505245fed9d;carbon dioxide storage at synthetic natural gas plant, post, 400km pipeline, storage 3000m;USA;carbon dioxide storage at synthetic natural gas plant, post, 400km pipeline, storage 3000m;;[];carbon dioxide storage at synthetic natural gas plant, post, 400km pipeline, storage 3000m;-1.0;kilogram;carbon dioxide storage at synthetic natural gas plant, post, 400km pipeline, storage 3000m;1.0;production;USA;ecoinvent_cutoff_3.9_remind_SSP2-PkBudg500_2030
3da0b558bfa9400f8caeda1e7ca3b6ac;ethanol production, via fermentation, from corn, with carbon capture and storage, energy allocation;EUR;ethanol, from corn;;[];carbon dioxide storage at wood burning power plant 20 MW post, pipeline 200km, storage 1000m;-1.1946233679702067;kilogram;carbon dioxide storage at wood burning power plant 20 MW post, pipeline 200km, storage 1000m;;technosphere;EUR;ecoinvent_cutoff_3.9_remind_SSP2-PkBudg500_2030
3dd711b3c7f5471d975538478b6c7681;carbon dioxide storage at hydrogen production plant, pre, pipeline 400km, storage 3000m;SSA;carbon dioxide storage at hydrogen production plant, pre, pipeline 400km, storage 3000m;;[];carbon dioxide storage at hydrogen production plant, pre, pipeline 400km, storage 3000m;-1.0;kilogram;carbon dioxide storage at hydrogen production plant, pre, pipeline 400km, storage 3000m;1.0;production;SSA;ecoinvent_cutoff_3.9_remind_SSP2-PkBudg500_2030
3e1c4f5ef02242228db596ac99e8d73d;carbon dioxide, captured from natural gas, post, 200km pipeline, storage 1000m;EUR;carbon dioxide, captured from natural gas, post, 200km pipeline, storage 1000m;;[];carbon dioxide, captured from natural gas, post, 200km pipeline, storage 1000m;-1.0;kilogram;carbon dioxide, captured from natural gas, post, 200km pipeline, storage 1000m;1.0;production;EUR;ecoinvent_cutoff_3.9_remind_SSP2-PkBudg500_2030
3e1c4f5ef02242228db596ac99e8d73d;carbon dioxide, captured from natural gas, post, 200km pipeline, storage 1000m;EUR;carbon dioxide, captured from natural gas, post, 200km pipeline, storage 1000m;;[];carbon dioxide storage from natural gas, post, 200km pipeline, storage 1000m;-1.0;kilogram;carbon dioxide storage from natural gas, post, 200km pipeline, storage 1000m;;technosphere;EUR;ecoinvent_cutoff_3.9_remind_SSP2-PkBudg500_2030
3e6f82a658bc41c1ac44f6a1897b8880;carbon dioxide, captured from natural gas, post, 400km pipeline, storage 1000m;SSA;carbon dioxide, captured from natural gas, post, 400km pipeline, storage 1000m;;[];carbon dioxide, captured from natural gas, post, 400km pipeline, storage 1000m;-1.0;kilogram;carbon dioxide, captured from natural gas, post, 400km pipeline, storage 1000m;1.0;production;SSA;ecoinvent_cutoff_3.9_remind_SSP2-PkBudg500_2030
3e6f82a658bc41c1ac44f6a1897b8880;carbon dioxide, captured from natural gas, post, 400km pipeline, storage 1000m;SSA;carbon dioxide, captured from natural gas, post, 400km pipeline, storage 1000m;;[];carbon dioxide storage from natural gas, post, 400km pipeline, storage 1000m;-1.0;kilogram;carbon dioxide storage from natural gas, post, 400km pipeline, storage 1000m;;technosphere;SSA;ecoinvent_cutoff_3.9_remind_SSP2-PkBudg500_2030
3e74ba09408b43c4bc2153b42e25466e;ethanol production, via fermentation, from sugarcane, with carbon capture and storage, energy allocation;US;ethanol, from sugarcane;;[];carbon dioxide storage at wood burning power plant 20 MW post, pipeline 200km, storage 1000m;-5.189136525067595;kilogram;carbon dioxide storage at wood burning power plant 20 MW post, pipeline 200km, storage 1000m;;technosphere;USA;ecoinvent_cutoff_3.9_remind_SSP2-PkBudg500_2030
3e8b74f22c474074b64c40e9d3dfddc8;ethanol production, via fermentation, from sugarbeet, with carbon capture and storage, energy allocation;JPN;ethanol, from sugarbeet;;[];carbon dioxide storage at wood burning power plant 20 MW post, pipeline 200km, storage 1000m;-1.8047940624999999;kilogram;carbon dioxide storage at wood burning power plant 20 MW post, pipeline 200km, storage 1000m;;technosphere;JPN;ecoinvent_cutoff_3.9_remind_SSP2-PkBudg500_2030
3e94838ec76f40f4857c12aca58ebd64;carbon dioxide, captured from atmosphere, with a solvent-based direct air capture system, 1MtCO2, with industrial steam heat, and grid electricity;World;carbon dioxide, captured from atmosphere;;[];carbon dioxide, captured from atmosphere, with a solvent-based direct air capture system, 1MtCO2, with industrial steam heat, and grid electricity;-1.0;kilogram;carbon dioxide, captured from atmosphere;1.0;production;World;ecoinvent_cutoff_3.9_remind_SSP2-PkBudg500_2030
3ed0874434fe457296d82173bcea1043;electricity production, at natural gas-fired combined cycle power plant, post, pipeline 200km, storage 1000m;NEU;electricity, high voltage;;[];carbon dioxide, captured from natural gas, post, 200km pipeline, storage 1000m;-0.3570302210059967;kilogram;carbon dioxide, captured from natural gas, post, 200km pipeline, storage 1000m;;technosphere;NEU;ecoinvent_cutoff_3.9_remind_SSP2-PkBudg500_2030
3ee0d5465b7d446dab3b17517c3539f3;electricity production, at hard coal-fired IGCC power plant, pre, pipeline 200km, storage 1000m;SSA;electricity, high voltage;;[];carbon dioxide, captured from hard coal-fired power plant, pre, pipeline 200km, storage 1000m;-0.7435166951321054;kilogram;carbon dioxide, captured from hard coal-fired power plant, pre, pipeline 200km, storage 1000m;;technosphere;SSA;ecoinvent_cutoff_3.9_remind_SSP2-PkBudg500_2030
3f9130bb7bcf4f72afb640586bac32d1;carbon dioxide storage at synthetic natural gas plant, post, 200km pipeline, storage 1000m;USA;carbon dioxide storage at synthetic natural gas plant, post, 200km pipeline, storage 1000m;;[];carbon dioxide storage at synthetic natural gas plant, post, 200km pipeline, storage 1000m;-1.0;kilogram;carbon dioxide storage at synthetic natural gas plant, post, 200km pipeline, storage 1000m;1.0;production;USA;ecoinvent_cutoff_3.9_remind_SSP2-PkBudg500_2030
3fc9043f472b450d810f9e25c3553ac8;carbon dioxide storage from lignite, pre, pipeline 200km, storage 1000m;World;carbon dioxide storage from lignite, pre, pipeline 200km, storage 1000m;;[];carbon dioxide storage from lignite, pre, pipeline 200km, storage 1000m;-1.0;kilogram;carbon dioxide storage from lignite, pre, pipeline 200km, storage 1000m;1.0;production;World;ecoinvent_cutoff_3.9_remind_SSP2-PkBudg500_2030
3fd48a670e7f403a93b53ea0055e1b14;carbon dioxide, captured at municipal solid waste incineration plant, for subsequent reuse;RER;carbon dioxide, captured and reused;;[];carbon dioxide, captured at municipal solid waste incineration plant, for subsequent reuse;-1.0;kilogram;carbon dioxide, captured and reused;;production;RER;ecoinvent_cutoff_3.9_remind_SSP2-PkBudg500_2030
406bbd71024f4afcba328f4c7d35f8ae;methanol synthesis, hydrogen from electrolysis, CO2 from DAC;IND;methanol, unpurified;;[];carbon dioxide, captured from atmosphere, with a solvent-based direct air capture system, 1MtCO2, with heat pump heat, and grid electricity;-1.6904231625835189;kilogram;carbon dioxide, captured from atmosphere;;technosphere;IND;ecoinvent_cutoff_3.9_remind_SSP2-PkBudg500_2030
408c10e06cf647d49987d73d5bd63d30;ethanol production, via fermentation, from corn, with carbon capture and storage, energy allocation;USA;ethanol, from corn;;[];carbon dioxide storage at wood burning power plant 20 MW post, pipeline 200km, storage 1000m;-1.1946233679702067;kilogram;carbon dioxide storage at wood burning power plant 20 MW post, pipeline 200km, storage 1000m;;technosphere;USA;ecoinvent_cutoff_3.9_remind_SSP2-PkBudg500_2030
40ab0a3755e64509a75ee98652430880;carbon dioxide storage at wood burning power plant 20 MW post, pipeline 400km, storage 3000m;CHA;carbon dioxide storage at wood burning power plant 20 MW post, pipeline 400km, storage 3000m;;[];carbon dioxide storage at wood burning power plant 20 MW post, pipeline 400km, storage 3000m;-1.0;kilogram;carbon dioxide storage at wood burning power plant 20 MW post, pipeline 400km, storage 3000m;1.0;production;CHA;ecoinvent_cutoff_3.9_remind_SSP2-PkBudg500_2030
414f0dc35a63483a817b37f8ed248211;carbon dioxide storage from lignite, post, pipeline 400km, storage 3000m;IND;carbon dioxide storage from lignite, post, pipeline 400km, storage 3000m;;[];carbon dioxide storage from lignite, post, pipeline 400km, storage 3000m;-1.0;kilogram;carbon dioxide storage from lignite, post, pipeline 400km, storage 3000m;1.0;production;IND;ecoinvent_cutoff_3.9_remind_SSP2-PkBudg500_2030
4199595b69df422591c2be8015036b42;carbon dioxide storage from lignite, oxy, pipeline 200km, storage 1000m;OAS;carbon dioxide storage from lignite, oxy, pipeline 200km, storage 1000m;;[];carbon dioxide storage from lignite, oxy, pipeline 200km, storage 1000m;-1.0;kilogram;carbon dioxide storage from lignite, oxy, pipeline 200km, storage 1000m;1.0;production;OAS;ecoinvent_cutoff_3.9_remind_SSP2-PkBudg500_2030
41a9418d4eb34856a3ad80b278b3a0b8;carbon dioxide, captured from natural gas, post, 200km pipeline, storage 1000m;IND;carbon dioxide, captured from natural gas, post, 200km pipeline, storage 1000m;;[];carbon dioxide, captured from natural gas, post, 200km pipeline, storage 1000m;-1.0;kilogram;carbon dioxide, captured from natural gas, post, 200km pipeline, storage 1000m;1.0;production;IND;ecoinvent_cutoff_3.9_remind_SSP2-PkBudg500_2030
41a9418d4eb34856a3ad80b278b3a0b8;carbon dioxide, captured from natural gas, post, 200km pipeline, storage 1000m;IND;carbon dioxide, captured from natural gas, post, 200km pipeline, storage 1000m;;[];carbon dioxide storage from natural gas, post, 200km pipeline, storage 1000m;-1.0;kilogram;carbon dioxide storage from natural gas, post, 200km pipeline, storage 1000m;;technosphere;IND;ecoinvent_cutoff_3.9_remind_SSP2-PkBudg500_2030
41a980acbca44b8f84c214b6fe56215b;carbon dioxide storage from natural gas, pre, 200km pipeline, storage 1000m;IND;carbon dioxide storage from natural gas, pre, 200km pipeline, storage 1000m;;[];carbon dioxide storage from natural gas, pre, 200km pipeline, storage 1000m;-1.0;kilogram;carbon dioxide storage from natural gas, pre, 200km pipeline, storage 1000m;1.0;production;IND;ecoinvent_cutoff_3.9_remind_SSP2-PkBudg500_2030
41ab9ca8e5154f84b73bf6e164bb8431;carbon dioxide storage from lignite, post, pipeline 400km, storage 3000m;World;carbon dioxide storage from lignite, post, pipeline 400km, storage 3000m;;[];carbon dioxide storage from lignite, post, pipeline 400km, storage 3000m;-1.0;kilogram;carbon dioxide storage from lignite, post, pipeline 400km, storage 3000m;1.0;production;World;ecoinvent_cutoff_3.9_remind_SSP2-PkBudg500_2030
41c8e911633846eda56d0bba5f6f0eba;electricity production, at hard coal-fired power plant, ultra-super critical, oxy, pipeline 200km, storage 1000m;EUR;electricity, high voltage;;[];carbon dioxide, captured from hard coal-fired power plant, oxy, pipeline 200km, storage 1000m;-0.8378999999996097;kilogram;carbon dioxide, captured from hard coal-fired power plant, oxy, pipeline 200km, storage 1000m;;technosphere;EUR;ecoinvent_cutoff_3.9_remind_SSP2-PkBudg500_2030
41f210ec7d044bd7abf6d4f2274b77d1;hydrogen production, gaseous, 30 bar, from hard coal gasification and reforming, with CCS, at coal gasification plant;REF;hydrogen, gaseous, 30 bar;;[];carbon dioxide, captured at hydrogen production plant, pre, pipeline 400km, storage 3000m;-15.29;kilogram;carbon dioxide, captured at hydrogen production plant, pre, pipeline 400km, storage 3000m;;technosphere;RER;ecoinvent_cutoff_3.9_remind_SSP2-PkBudg500_2030
4217a65bfbf74b88a3f78e24edcacafd;carbon dioxide, captured at steel production plant, with underground storage, post, 200 km;CHA;carbon dioxide, captured and stored;;[];carbon dioxide, captured at steel production plant, with underground storage, post, 200 km;-1.0;kilogram;carbon dioxide, captured and stored;;production;CHA;ecoinvent_cutoff_3.9_remind_SSP2-PkBudg500_2030
4217a65bfbf74b88a3f78e24edcacafd;carbon dioxide, captured at steel production plant, with underground storage, post, 200 km;CHA;carbon dioxide, captured and stored;;[];carbon dioxide storage from hard coal, post, pipeline 200km, storage 1000m;-1.0;kilogram;carbon dioxide storage from hard coal, post, pipeline 200km, storage 1000m;;technosphere;CHA;ecoinvent_cutoff_3.9_remind_SSP2-PkBudg500_2030
435604026bcc4b97b545fe1b6501f2db;carbon dioxide, captured at wood burning power plant 20 MW post, pipeline 200km, storage 1000m;SSA;carbon dioxide, captured at wood burning power plant 20 MW post, pipeline 200km, storage 1000m;;[];carbon dioxide, captured at wood burning power plant 20 MW post, pipeline 200km, storage 1000m;-1.0;kilogram;carbon dioxide, captured at wood burning power plant 20 MW post, pipeline 200km, storage 1000m;1.0;production;SSA;ecoinvent_cutoff_3.9_remind_SSP2-PkBudg500_2030
435604026bcc4b97b545fe1b6501f2db;carbon dioxide, captured at wood burning power plant 20 MW post, pipeline 200km, storage 1000m;SSA;carbon dioxide, captured at wood burning power plant 20 MW post, pipeline 200km, storage 1000m;;[];carbon dioxide storage at wood burning power plant 20 MW post, pipeline 200km, storage 1000m;-1.0;kilogram;carbon dioxide storage at wood burning power plant 20 MW post, pipeline 200km, storage 1000m;;technosphere;SSA;ecoinvent_cutoff_3.9_remind_SSP2-PkBudg500_2030
4392b29d960043f9a38e356f6551fa0e;electricity production, at lignite-fired power plant, oxy, pipeline 200km, storage 1000m;NEU;electricity, high voltage;;[];carbon dioxide, captured from lignite, oxy, pipeline 200km, storage 1000m;-1.1237142857142859;kilogram;carbon dioxide, captured from lignite, oxy, pipeline 200km, storage 1000m;;technosphere;NEU;ecoinvent_cutoff_3.9_remind_SSP2-PkBudg500_2030
4398c062d37d4f4083f24265b983af21;carbon dioxide, captured from hard coal-fired power plant, pre, pipeline 200km, storage 1000m;OAS;carbon dioxide, captured from hard coal-fired power plant, pre, pipeline 200km, storage 1000m;;[];carbon dioxide, captured from hard coal-fired power plant, pre, pipeline 200km, storage 1000m;-1.0;kilogram;carbon dioxide, captured from hard coal-fired power plant, pre, pipeline 200km, storage 1000m;1.0;production;OAS;ecoinvent_cutoff_3.9_remind_SSP2-PkBudg500_2030
4398c062d37d4f4083f24265b983af21;carbon dioxide, captured from hard coal-fired power plant, pre, pipeline 200km, storage 1000m;OAS;carbon dioxide, captured from hard coal-fired power plant, pre, pipeline 200km, storage 1000m;;[];carbon dioxide storage from hard coal, pre, pipeline 200km, storage 1000m;-1.0;kilogram;carbon dioxide storage from hard coal, pre, pipeline 200km, storage 1000m;;technosphere;OAS;ecoinvent_cutoff_3.9_remind_SSP2-PkBudg500_2030
43e8968f35b7465cb40bbe1837e6bbc8;carbon dioxide storage from lignite, oxy, pipeline 400km, storage 3000m;NEU;carbon dioxide storage from lignite, oxy, pipeline 400km, storage 3000m;;[];carbon dioxide storage from lignite, oxy, pipeline 400km, storage 3000m;-1.0;kilogram;carbon dioxide storage from lignite, oxy, pipeline 400km, storage 3000m;1.0;production;NEU;ecoinvent_cutoff_3.9_remind_SSP2-PkBudg500_2030
43fd732443dc41f7b4bc59c152724ed3;carbon dioxide, captured from natural gas, post, 400km pipeline, storage 1000m;World;carbon dioxide, captured from natural gas, post, 400km pipeline, storage 1000m;;[];carbon dioxide, captured from natural gas, post, 400km pipeline, storage 1000m;-1.0;kilogram;carbon dioxide, captured from natural gas, post, 400km pipeline, storage 1000m;1.0;production;World;ecoinvent_cutoff_3.9_remind_SSP2-PkBudg500_2030
43fd732443dc41f7b4bc59c152724ed3;carbon dioxide, captured from natural gas, post, 400km pipeline, storage 1000m;World;carbon dioxide, captured from natural gas, post, 400km pipeline, storage 1000m;;[];carbon dioxide storage from natural gas, post, 400km pipeline, storage 1000m;-1.0;kilogram;carbon dioxide storage from natural gas, post, 400km pipeline, storage 1000m;;technosphere;World;ecoinvent_cutoff_3.9_remind_SSP2-PkBudg500_2030
441fa6ef78894ccfaf5c31c48f0d194f;carbon dioxide storage from lignite, oxy, pipeline 400km, storage 3000m;IND;carbon dioxide storage from lignite, oxy, pipeline 400km, storage 3000m;;[];carbon dioxide storage from lignite, oxy, pipeline 400km, storage 3000m;-1.0;kilogram;carbon dioxide storage from lignite, oxy, pipeline 400km, storage 3000m;1.0;production;IND;ecoinvent_cutoff_3.9_remind_SSP2-PkBudg500_2030
4426ed8de09d48f7b3985a494dc1bc72;carbon dioxide storage at wood burning power plant 20 MW post, pipeline 200km, storage 1000m;World;carbon dioxide storage at wood burning power plant 20 MW post, pipeline 200km, storage 1000m;;[];carbon dioxide storage at wood burning power plant 20 MW post, pipeline 200km, storage 1000m;-1.0;kilogram;carbon dioxide storage at wood burning power plant 20 MW post, pipeline 200km, storage 1000m;1.0;production;World;ecoinvent_cutoff_3.9_remind_SSP2-PkBudg500_2030
443ee97c26c446d3bf4889aefc9adec8;carbon dioxide storage from hard coal, oxy, pipeline 200km, storage 1000m;REF;carbon dioxide storage from hard coal, oxy, pipeline 200km, storage 1000m;;[];carbon dioxide storage from hard coal, oxy, pipeline 200km, storage 1000m;-1.0;kilogram;carbon dioxide storage from hard coal, oxy, pipeline 200km, storage 1000m;1.0;production;REF;ecoinvent_cutoff_3.9_remind_SSP2-PkBudg500_2030
4447c36c11624f5680898a935dc70f4e;carbon dioxide, captured at steel production plant, with underground storage, post, 200 km;CAZ;carbon dioxide, captured and stored;;[];carbon dioxide, captured at steel production plant, with underground storage, post, 200 km;-1.0;kilogram;carbon dioxide, captured and stored;;production;CAZ;ecoinvent_cutoff_3.9_remind_SSP2-PkBudg500_2030
4447c36c11624f5680898a935dc70f4e;carbon dioxide, captured at steel production plant, with underground storage, post, 200 km;CAZ;carbon dioxide, captured and stored;;[];carbon dioxide storage from hard coal, post, pipeline 200km, storage 1000m;-1.0;kilogram;carbon dioxide storage from hard coal, post, pipeline 200km, storage 1000m;;technosphere;CAZ;ecoinvent_cutoff_3.9_remind_SSP2-PkBudg500_2030
4475e1d6fefa4a29bf53bd1909e203da;ethanol production, via fermentation, from switchgrass, with carbon capture and storage, energy allocation;CHA;ethanol, from switchgrass;;[];carbon dioxide storage at wood burning power plant 20 MW post, pipeline 200km, storage 1000m;-3.6597753976440037;kilogram;carbon dioxide storage at wood burning power plant 20 MW post, pipeline 200km, storage 1000m;;technosphere;CHA;ecoinvent_cutoff_3.9_remind_SSP2-PkBudg500_2030
44f36363db104adfb93fc1ed6d94b52a;carbon dioxide, captured from hard coal-fired power plant, oxy, pipeline 200km, storage 1000m;IND;carbon dioxide, captured from hard coal-fired power plant, oxy, pipeline 200km, storage 1000m;;[];carbon dioxide, captured from hard coal-fired power plant, oxy, pipeline 200km, storage 1000m;-1.0;kilogram;carbon dioxide, captured from hard coal-fired power plant, oxy, pipeline 200km, storage 1000m;1.0;production;IND;ecoinvent_cutoff_3.9_remind_SSP2-PkBudg500_2030
44f36363db104adfb93fc1ed6d94b52a;carbon dioxide, captured from hard coal-fired power plant, oxy, pipeline 200km, storage 1000m;IND;carbon dioxide, captured from hard coal-fired power plant, oxy, pipeline 200km, storage 1000m;;[];carbon dioxide storage from hard coal, oxy, pipeline 200km, storage 1000m;-1.0;kilogram;carbon dioxide storage from hard coal, oxy, pipeline 200km, storage 1000m;;technosphere;IND;ecoinvent_cutoff_3.9_remind_SSP2-PkBudg500_2030
45f511fe6e724be99cd02b173e877ded;electricity production, at natural gas-fired combined cycle power plant, post, pipeline 200km, storage 1000m;IND;electricity, high voltage;;[];carbon dioxide, captured from natural gas, post, 200km pipeline, storage 1000m;-0.3377686838824553;kilogram;carbon dioxide, captured from natural gas, post, 200km pipeline, storage 1000m;;technosphere;IND;ecoinvent_cutoff_3.9_remind_SSP2-PkBudg500_2030
4616c99c64494910a01ec409c4533989;electricity production, at lignite-fired power plant, oxy, pipeline 200km, storage 1000m;JPN;electricity, high voltage;;[];carbon dioxide, captured from lignite, oxy, pipeline 200km, storage 1000m;-1.1237142857142859;kilogram;carbon dioxide, captured from lignite, oxy, pipeline 200km, storage 1000m;;technosphere;JPN;ecoinvent_cutoff_3.9_remind_SSP2-PkBudg500_2030
462979f6e12644e590b1e3008e9e5261;carbon dioxide, captured at steel production plant, with underground storage, post, 200 km;LAM;carbon dioxide, captured and stored;;[];carbon dioxide, captured at steel production plant, with underground storage, post, 200 km;-1.0;kilogram;carbon dioxide, captured and stored;;production;LAM;ecoinvent_cutoff_3.9_remind_SSP2-PkBudg500_2030
462979f6e12644e590b1e3008e9e5261;carbon dioxide, captured at steel production plant, with underground storage, post, 200 km;LAM;carbon dioxide, captured and stored;;[];carbon dioxide storage from hard coal, post, pipeline 200km, storage 1000m;-1.0;kilogram;carbon dioxide storage from hard coal, post, pipeline 200km, storage 1000m;;technosphere;LAM;ecoinvent_cutoff_3.9_remind_SSP2-PkBudg500_2030
4678ecdfbcad4b3b8518109ef759eb41;electricity production, at lignite-fired IGCC power plant, pre, pipeline 200km, storage 1000m;REF;electricity, high voltage;;[];carbon dioxide, captured from lignite, pre, pipeline 200km, storage 1000m;-0.8658004861280231;kilogram;carbon dioxide, captured from lignite, pre, pipeline 200km, storage 1000m;;technosphere;REF;ecoinvent_cutoff_3.9_remind_SSP2-PkBudg500_2030
46c2556c08234c3f95bbbec56d532678;electricity production, at lignite-fired IGCC power plant, pre, pipeline 200km, storage 1000m;USA;electricity, high voltage;;[];carbon dioxide, captured from lignite, pre, pipeline 200km, storage 1000m;-0.9537607458435281;kilogram;carbon dioxide, captured from lignite, pre, pipeline 200km, storage 1000m;;technosphere;USA;ecoinvent_cutoff_3.9_remind_SSP2-PkBudg500_2030
476b6d79d73f4fbd8ddb9a243f476b3b;carbon dioxide, captured from atmosphere, with a sorbent-based direct air capture system, 100ktCO2, with waste heat, and grid electricity;OAS;carbon dioxide, captured from atmosphere;;[];carbon dioxide, captured from atmosphere, with a sorbent-based direct air capture system, 100ktCO2, with waste heat, and grid electricity;-1.0;kilogram;carbon dioxide, captured from atmosphere;1.0;production;OAS;ecoinvent_cutoff_3.9_remind_SSP2-PkBudg500_2030
4782acbc30c244579430e1ca22e2e891;carbon dioxide, captured from atmosphere, with a solvent-based direct air capture system, 1MtCO2, with heat pump heat, and grid electricity;CHA;carbon dioxide, captured from atmosphere;;[];carbon dioxide, captured from atmosphere, with a solvent-based direct air capture system, 1MtCO2, with heat pump heat, and grid electricity;-1.0;kilogram;carbon dioxide, captured from atmosphere;1.0;production;CHA;ecoinvent_cutoff_3.9_remind_SSP2-PkBudg500_2030
47bde93a83104fe5a0a4f83645bbbb2f;carbon dioxide, captured from lignite, post, pipeline 200km, storage 1000m;LAM;carbon dioxide, captured from lignite, post, pipeline 200km, storage 1000m;;[];carbon dioxide, captured from lignite, post, pipeline 200km, storage 1000m;-1.0;kilogram;carbon dioxide, captured from lignite, post, pipeline 200km, storage 1000m;1.0;production;LAM;ecoinvent_cutoff_3.9_remind_SSP2-PkBudg500_2030
47bde93a83104fe5a0a4f83645bbbb2f;carbon dioxide, captured from lignite, post, pipeline 200km, storage 1000m;LAM;carbon dioxide, captured from lignite, post, pipeline 200km, storage 1000m;;[];carbon dioxide storage from lignite, post, pipeline 200km, storage 1000m;-1.0;kilogram;carbon dioxide storage from lignite, post, pipeline 200km, storage 1000m;;technosphere;LAM;ecoinvent_cutoff_3.9_remind_SSP2-PkBudg500_2030
47eef80ffb8c4dc8afc72b8144e9c695;heat production, at co-generation hard coal-fired power plant, post, pipeline 200km, storage 1000m;RER;heat, district or industrial, other than natural gas;;[];carbon dioxide, captured from hard coal-fired power plant, oxy, pipeline 200km, storage 1000m;-0.048181815;kilogram;carbon dioxide, captured from hard coal-fired power plant, oxy, pipeline 200km, storage 1000m;;technosphere;EUR;ecoinvent_cutoff_3.9_remind_SSP2-PkBudg500_2030
47f2d3a1440c49078258a906c11bd549;carbon dioxide storage from hard coal, post, pipeline 400km, storage 3000m;CAZ;carbon dioxide storage from hard coal, post, pipeline 400km, storage 3000m;;[];carbon dioxide storage from hard coal, post, pipeline 400km, storage 3000m;-1.0;kilogram;carbon dioxide storage from hard coal, post, pipeline 400km, storage 3000m;1.0;production;CAZ;ecoinvent_cutoff_3.9_remind_SSP2-PkBudg500_2030
4819705643fa42d986d2e677a547b2eb;carbon dioxide storage at wood burning power plant 20 MW post, pipeline 400km, storage 3000m;USA;carbon dioxide storage at wood burning power plant 20 MW post, pipeline 400km, storage 3000m;;[];carbon dioxide storage at wood burning power plant 20 MW post, pipeline 400km, storage 3000m;-1.0;kilogram;carbon dioxide storage at wood burning power plant 20 MW post, pipeline 400km, storage 3000m;1.0;production;USA;ecoinvent_cutoff_3.9_remind_SSP2-PkBudg500_2030
4831b367888d4007880c20f8e2d0c676;carbon dioxide storage from natural gas, post, 200km pipeline, storage 1000m;REF;carbon dioxide storage from natural gas, post, 200km pipeline, storage 1000m;;[];carbon dioxide storage from natural gas, post, 200km pipeline, storage 1000m;-1.0;kilogram;carbon dioxide storage from natural gas, post, 200km pipeline, storage 1000m;1.0;production;REF;ecoinvent_cutoff_3.9_remind_SSP2-PkBudg500_2030
4862868de6a14a8ba8c4416899821915;electricity production, at lignite-fired power plant, oxy, pipeline 200km, storage 1000m;EUR;electricity, high voltage;;[];carbon dioxide, captured from lignite, oxy, pipeline 200km, storage 1000m;-1.1237142857142859;kilogram;carbon dioxide, captured from lignite, oxy, pipeline 200km, storage 1000m;;technosphere;EUR;ecoinvent_cutoff_3.9_remind_SSP2-PkBudg500_2030
493c104215bb4d2bb31c203e96f62aef;electricity production, at hard coal-fired IGCC power plant, pre, pipeline 200km, storage 1000m;OAS;electricity, high voltage;;[];carbon dioxide, captured from hard coal-fired power plant, pre, pipeline 200km, storage 1000m;-0.7210202610836842;kilogram;carbon dioxide, captured from hard coal-fired power plant, pre, pipeline 200km, storage 1000m;;technosphere;OAS;ecoinvent_cutoff_3.9_remind_SSP2-PkBudg500_2030
4948016a52eb46e994163725a3c4d269;electricity production, at hard coal-fired power plant, ultra-super critical, oxy, pipeline 200km, storage 1000m;RER;electricity, high voltage;;[];carbon dioxide, captured from hard coal-fired power plant, oxy, pipeline 200km, storage 1000m;-0.8378999999996097;kilogram;carbon dioxide, captured from hard coal-fired power plant, oxy, pipeline 200km, storage 1000m;;technosphere;EUR;ecoinvent_cutoff_3.9_remind_SSP2-PkBudg500_2030
4963c81c484f4d17b03dea7ba590cb2a;carbon dioxide, captured from atmosphere and stored, with a solvent-based direct air capture system, 1MtCO2, with heat pump heat, and grid electricity;JPN;carbon dioxide, captured from atmosphere;;[];carbon dioxide, captured from atmosphere and stored, with a solvent-based direct air capture system, 1MtCO2, with heat pump heat, and grid electricity;-1.0;kilogram;carbon dioxide, captured from atmosphere;1.0;production;JPN;ecoinvent_cutoff_3.9_remind_SSP2-PkBudg500_2030
49a3735ce66b4b3489fd4e74fe7bb93c;carbon dioxide storage from lignite, oxy, pipeline 200km, storage 1000m;IND;carbon dioxide storage from lignite, oxy, pipeline 200km, storage 1000m;;[];carbon dioxide storage from lignite, oxy, pipeline 200km, storage 1000m;-1.0;kilogram;carbon dioxide storage from lignite, oxy, pipeline 200km, storage 1000m;1.0;production;IND;ecoinvent_cutoff_3.9_remind_SSP2-PkBudg500_2030
49e78ce356f1425bb07b52db0c473223;steel production, converter, low-alloyed;OAS;steel, low-alloyed;;[('ISIC rev.4 ecoinvent', '2410:Manufacture of basic iron and steel'), ('CPC', '41122: Alloy steel in ingots or other primary forms and semi-finished products of alloy steel')];carbon dioxide, captured at steel production plant, with underground storage, post, 200 km;-0.018832965296023137;kilogram;carbon dioxide, captured and stored;0.0;technosphere;OAS;ecoinvent_cutoff_3.9_remind_SSP2-PkBudg500_2030
4a270a6cce834ecc82493a7bb386e0dc;electricity production, at lignite-fired power plant, oxy, pipeline 200km, storage 1000m;World;electricity, high voltage;;[];carbon dioxide, captured from lignite, oxy, pipeline 200km, storage 1000m;-1.123714285714286;kilogram;carbon dioxide, captured from lignite, oxy, pipeline 200km, storage 1000m;;technosphere;World;ecoinvent_cutoff_3.9_remind_SSP2-PkBudg500_2030
4a3e183e90494430a436c4e126407bec;electricity production, at biomass-fired IGCC power plant, pre, pipeline 200km, storage 1000m;JPN;electricity, high voltage;;[];carbon dioxide, captured at wood burning power plant 20 MW post, pipeline 200km, storage 1000m;-0.9143419354838712;kilogram;carbon dioxide, captured at wood burning power plant 20 MW post, pipeline 200km, storage 1000m;;technosphere;JPN;ecoinvent_cutoff_3.9_remind_SSP2-PkBudg500_2030
4a426bb1033444e58c85a8679ceb86bb;electricity production, at hard coal-fired power plant, oxy, pipeline 200km, storage 1000m;USA;electricity, high voltage;;[];carbon dioxide, captured from hard coal-fired power plant, oxy, pipeline 200km, storage 1000m;-0.9576000000000001;kilogram;carbon dioxide, captured from hard coal-fired power plant, oxy, pipeline 200km, storage 1000m;;technosphere;USA;ecoinvent_cutoff_3.9_remind_SSP2-PkBudg500_2030
4aa7de88771743e89c0637ebf3fa1128;carbon dioxide, captured from natural gas, pre, 200km pipeline, storage 1000m;CHA;carbon dioxide, captured from natural gas, pre, 200km pipeline, storage 1000m;;[];carbon dioxide, captured from natural gas, pre, 200km pipeline, storage 1000m;-1.0;kilogram;carbon dioxide, captured from natural gas, pre, 200km pipeline, storage 1000m;1.0;production;CHA;ecoinvent_cutoff_3.9_remind_SSP2-PkBudg500_2030
4aa7de88771743e89c0637ebf3fa1128;carbon dioxide, captured from natural gas, pre, 200km pipeline, storage 1000m;CHA;carbon dioxide, captured from natural gas, pre, 200km pipeline, storage 1000m;;[];carbon dioxide storage from natural gas, pre, 200km pipeline, storage 1000m;-1.0;kilogram;carbon dioxide storage from natural gas, pre, 200km pipeline, storage 1000m;;technosphere;CHA;ecoinvent_cutoff_3.9_remind_SSP2-PkBudg500_2030
4abf6052333644bcaf7ad4e6b84ec179;carbon dioxide storage from natural gas, post, 400km pipeline, storage 3000m;CHA;carbon dioxide storage from natural gas, post, 400km pipeline, storage 3000m;;[];carbon dioxide storage from natural gas, post, 400km pipeline, storage 3000m;-1.0;kilogram;carbon dioxide storage from natural gas, post, 400km pipeline, storage 3000m;1.0;production;CHA;ecoinvent_cutoff_3.9_remind_SSP2-PkBudg500_2030
4ad139a893c34ed9aad02d62892ff207;carbon dioxide storage from lignite, post, pipeline 400km, storage 3000m;RER;carbon dioxide storage from lignite, post, pipeline 400km, storage 3000m;;[];carbon dioxide storage from lignite, post, pipeline 400km, storage 3000m;-1.0;kilogram;carbon dioxide storage from lignite, post, pipeline 400km, storage 3000m;;production;RER;ecoinvent_cutoff_3.9_remind_SSP2-PkBudg500_2030
4ad139a893c34ed9aad02d62892ff207;carbon dioxide storage from lignite, post, pipeline 400km, storage 3000m;RER;carbon dioxide storage from lignite, post, pipeline 400km, storage 3000m;;[];carbon dioxide storage from lignite, post, pipeline 400km, storage 3000m;-1.0;kilogram;carbon dioxide storage from lignite, post, pipeline 400km, storage 3000m;;technosphere;EUR;ecoinvent_cutoff_3.9_remind_SSP2-PkBudg500_2030
4b6edaeb300c4f5e84b3703dd32fdbd0;carbon dioxide storage at wood burning power plant 20 MW post, pipeline 400km, storage 3000m;NEU;carbon dioxide storage at wood burning power plant 20 MW post, pipeline 400km, storage 3000m;;[];carbon dioxide storage at wood burning power plant 20 MW post, pipeline 400km, storage 3000m;-1.0;kilogram;carbon dioxide storage at wood burning power plant 20 MW post, pipeline 400km, storage 3000m;1.0;production;NEU;ecoinvent_cutoff_3.9_remind_SSP2-PkBudg500_2030
4b93e45bf73b4fa2b7cb89e404251ef1;hydrogen production, steam methane reforming, from biomethane, high and low temperature, with CCS (MDEA, 98% eff.), 26 bar;MEA;hydrogen, gaseous, 26 bar;;[];carbon dioxide, captured at hydrogen production plant, pre, pipeline 200km, storage 1000m;-6.149690995325822;kilogram;carbon dioxide, captured at hydrogen production plant, pre, pipeline 200km, storage 1000m;;technosphere;RER;ecoinvent_cutoff_3.9_remind_SSP2-PkBudg500_2030
4b94ee77f885406ba66c701a8cdbcc9e;carbon dioxide, captured from atmosphere, with a sorbent-based direct air capture system, 100ktCO2, with heat pump heat, and grid electricity;IND;carbon dioxide, captured from atmosphere;;[];carbon dioxide, captured from atmosphere, with a sorbent-based direct air capture system, 100ktCO2, with heat pump heat, and grid electricity;-1.0;kilogram;carbon dioxide, captured from atmosphere;1.0;production;IND;ecoinvent_cutoff_3.9_remind_SSP2-PkBudg500_2030
4ba728bce0f346c993de0c8d51250bce;carbon dioxide, captured from natural gas, pre, 200km pipeline, storage 1000m;World;carbon dioxide, captured from natural gas, pre, 200km pipeline, storage 1000m;;[];carbon dioxide, captured from natural gas, pre, 200km pipeline, storage 1000m;-1.0;kilogram;carbon dioxide, captured from natural gas, pre, 200km pipeline, storage 1000m;1.0;production;World;ecoinvent_cutoff_3.9_remind_SSP2-PkBudg500_2030
4ba728bce0f346c993de0c8d51250bce;carbon dioxide, captured from natural gas, pre, 200km pipeline, storage 1000m;World;carbon dioxide, captured from natural gas, pre, 200km pipeline, storage 1000m;;[];carbon dioxide storage from natural gas, pre, 200km pipeline, storage 1000m;-1.0;kilogram;carbon dioxide storage from natural gas, pre, 200km pipeline, storage 1000m;;technosphere;World;ecoinvent_cutoff_3.9_remind_SSP2-PkBudg500_2030
4c2e81e3a8544dbaaa13f8fe82cb2430;carbon dioxide, captured at wood burning power plant 20 MW post, pipeline 200km, storage 1000m;IND;carbon dioxide, captured at wood burning power plant 20 MW post, pipeline 200km, storage 1000m;;[];carbon dioxide, captured at wood burning power plant 20 MW post, pipeline 200km, storage 1000m;-1.0;kilogram;carbon dioxide, captured at wood burning power plant 20 MW post, pipeline 200km, storage 1000m;1.0;production;IND;ecoinvent_cutoff_3.9_remind_SSP2-PkBudg500_2030
4c2e81e3a8544dbaaa13f8fe82cb2430;carbon dioxide, captured at wood burning power plant 20 MW post, pipeline 200km, storage 1000m;IND;carbon dioxide, captured at wood burning power plant 20 MW post, pipeline 200km, storage 1000m;;[];carbon dioxide storage at wood burning power plant 20 MW post, pipeline 200km, storage 1000m;-1.0;kilogram;carbon dioxide storage at wood burning power plant 20 MW post, pipeline 200km, storage 1000m;;technosphere;IND;ecoinvent_cutoff_3.9_remind_SSP2-PkBudg500_2030
4c35802450764a3894572d38a9dca6af;carbon dioxide, captured from atmosphere and stored, with a sorbent-based direct air capture system, 100ktCO2, with heat pump heat, and grid electricity;OAS;carbon dioxide, captured from atmosphere;;[];carbon dioxide, captured from atmosphere and stored, with a sorbent-based direct air capture system, 100ktCO2, with heat pump heat, and grid electricity;-1.0;kilogram;carbon dioxide, captured from atmosphere;1.0;production;OAS;ecoinvent_cutoff_3.9_remind_SSP2-PkBudg500_2030
4c7b52fed401450ab253b37bfa74eea6;methane, from electrochemical methanation, with carbon from atmosphere, using waste heat;CAZ;methane, from electrochemical methanation;;[];carbon dioxide, captured from atmosphere, with a sorbent-based direct air capture system, 100ktCO2, with waste heat, and grid electricity;-2.750348675034868;kilogram;carbon dioxide, captured from atmosphere;;technosphere;CAZ;ecoinvent_cutoff_3.9_remind_SSP2-PkBudg500_2030
4ccd5ec0356243a58d6117a9b5260d0d;steel production, converter, low-alloyed;LAM;steel, low-alloyed;;[('ISIC rev.4 ecoinvent', '2410:Manufacture of basic iron and steel'), ('CPC', '41122: Alloy steel in ingots or other primary forms and semi-finished products of alloy steel')];carbon dioxide, captured at steel production plant, with underground storage, post, 200 km;-0.01877961184817578;kilogram;carbon dioxide, captured and stored;0.0;technosphere;LAM;ecoinvent_cutoff_3.9_remind_SSP2-PkBudg500_2030
4cf2be5df9d04b6aa5d6bffa76fdfa32;carbon dioxide, captured from atmosphere and stored, with a sorbent-based direct air capture system, 100ktCO2, with heat pump heat, and grid electricity;REF;carbon dioxide, captured from atmosphere;;[];carbon dioxide, captured from atmosphere and stored, with a sorbent-based direct air capture system, 100ktCO2, with heat pump heat, and grid electricity;-1.0;kilogram;carbon dioxide, captured from atmosphere;1.0;production;REF;ecoinvent_cutoff_3.9_remind_SSP2-PkBudg500_2030
4d1fa526297c4f7b8f5c3ab0220da26c;carbon dioxide storage from lignite, oxy, pipeline 200km, storage 1000m;JPN;carbon dioxide storage from lignite, oxy, pipeline 200km, storage 1000m;;[];carbon dioxide storage from lignite, oxy, pipeline 200km, storage 1000m;-1.0;kilogram;carbon dioxide storage from lignite, oxy, pipeline 200km, storage 1000m;1.0;production;JPN;ecoinvent_cutoff_3.9_remind_SSP2-PkBudg500_2030
4d40fbc0cf4b4f2996133990a2274bea;carbon dioxide, captured from lignite, oxy, pipeline 200km, storage 1000m;LAM;carbon dioxide, captured from lignite, oxy, pipeline 200km, storage 1000m;;[];carbon dioxide, captured from lignite, oxy, pipeline 200km, storage 1000m;-1.0;kilogram;carbon dioxide, captured from lignite, oxy, pipeline 200km, storage 1000m;1.0;production;LAM;ecoinvent_cutoff_3.9_remind_SSP2-PkBudg500_2030
4d40fbc0cf4b4f2996133990a2274bea;carbon dioxide, captured from lignite, oxy, pipeline 200km, storage 1000m;LAM;carbon dioxide, captured from lignite, oxy, pipeline 200km, storage 1000m;;[];carbon dioxide storage from lignite, oxy, pipeline 200km, storage 1000m;-1.0;kilogram;carbon dioxide storage from lignite, oxy, pipeline 200km, storage 1000m;;technosphere;LAM;ecoinvent_cutoff_3.9_remind_SSP2-PkBudg500_2030
4ddd9887117b4bbd97445088bf83a03a;ethanol production, via fermentation, from switchgrass, with carbon capture and storage, energy allocation;REF;ethanol, from switchgrass;;[];carbon dioxide storage at wood burning power plant 20 MW post, pipeline 200km, storage 1000m;-3.6597753976440037;kilogram;carbon dioxide storage at wood burning power plant 20 MW post, pipeline 200km, storage 1000m;;technosphere;REF;ecoinvent_cutoff_3.9_remind_SSP2-PkBudg500_2030
4e57814316854dd0aea01f9701dec8b1;carbon dioxide, captured from atmosphere, with a sorbent-based direct air capture system, 100ktCO2, with waste heat, and grid electricity;EUR;carbon dioxide, captured from atmosphere;;[];carbon dioxide, captured from atmosphere, with a sorbent-based direct air capture system, 100ktCO2, with waste heat, and grid electricity;-1.0;kilogram;carbon dioxide, captured from atmosphere;1.0;production;EUR;ecoinvent_cutoff_3.9_remind_SSP2-PkBudg500_2030
4e73bfb04a71401e87624943d5239c7a;carbon dioxide, captured from atmosphere and stored, with a sorbent-based direct air capture system, 100ktCO2, with waste heat, and grid electricity;CHA;carbon dioxide, captured from atmosphere;;[];carbon dioxide, captured from atmosphere and stored, with a sorbent-based direct air capture system, 100ktCO2, with waste heat, and grid electricity;-1.0;kilogram;carbon dioxide, captured from atmosphere;1.0;production;CHA;ecoinvent_cutoff_3.9_remind_SSP2-PkBudg500_2030
4e76c804f3a5450fbd2132a15c71c6f6;carbon dioxide, captured from natural gas, pre, 200km pipeline, storage 1000m;OAS;carbon dioxide, captured from natural gas, pre, 200km pipeline, storage 1000m;;[];carbon dioxide, captured from natural gas, pre, 200km pipeline, storage 1000m;-1.0;kilogram;carbon dioxide, captured from natural gas, pre, 200km pipeline, storage 1000m;1.0;production;OAS;ecoinvent_cutoff_3.9_remind_SSP2-PkBudg500_2030
4e76c804f3a5450fbd2132a15c71c6f6;carbon dioxide, captured from natural gas, pre, 200km pipeline, storage 1000m;OAS;carbon dioxide, captured from natural gas, pre, 200km pipeline, storage 1000m;;[];carbon dioxide storage from natural gas, pre, 200km pipeline, storage 1000m;-1.0;kilogram;carbon dioxide storage from natural gas, pre, 200km pipeline, storage 1000m;;technosphere;OAS;ecoinvent_cutoff_3.9_remind_SSP2-PkBudg500_2030
4ecf5077d92140a38b8302a0c5d79a80;carbon dioxide, captured from hard coal-fired power plant, oxy, pipeline 200km, storage 1000m;CHA;carbon dioxide, captured from hard coal-fired power plant, oxy, pipeline 200km, storage 1000m;;[];carbon dioxide, captured from hard coal-fired power plant, oxy, pipeline 200km, storage 1000m;-1.0;kilogram;carbon dioxide, captured from hard coal-fired power plant, oxy, pipeline 200km, storage 1000m;1.0;production;CHA;ecoinvent_cutoff_3.9_remind_SSP2-PkBudg500_2030
4ecf5077d92140a38b8302a0c5d79a80;carbon dioxide, captured from hard coal-fired power plant, oxy, pipeline 200km, storage 1000m;CHA;carbon dioxide, captured from hard coal-fired power plant, oxy, pipeline 200km, storage 1000m;;[];carbon dioxide storage from hard coal, oxy, pipeline 200km, storage 1000m;-1.0;kilogram;carbon dioxide storage from hard coal, oxy, pipeline 200km, storage 1000m;;technosphere;CHA;ecoinvent_cutoff_3.9_remind_SSP2-PkBudg500_2030
4ee068876be44675adfc029a470a5f3f;carbon dioxide storage from lignite, pre, pipeline 400km, storage 3000m;USA;carbon dioxide storage from lignite, pre, pipeline 400km, storage 3000m;;[];carbon dioxide storage from lignite, pre, pipeline 400km, storage 3000m;-1.0;kilogram;carbon dioxide storage from lignite, pre, pipeline 400km, storage 3000m;1.0;production;USA;ecoinvent_cutoff_3.9_remind_SSP2-PkBudg500_2030
501cf79d244048aa9336b82fee026ec2;carbon dioxide storage from hard coal, oxy, pipeline 200km, storage 1000m;CAZ;carbon dioxide storage from hard coal, oxy, pipeline 200km, storage 1000m;;[];carbon dioxide storage from hard coal, oxy, pipeline 200km, storage 1000m;-1.0;kilogram;carbon dioxide storage from hard coal, oxy, pipeline 200km, storage 1000m;1.0;production;CAZ;ecoinvent_cutoff_3.9_remind_SSP2-PkBudg500_2030
50bb12487f4743cabea924a69b930bcc;carbon dioxide, captured from natural gas, post, 400km pipeline, storage 1000m;USA;carbon dioxide, captured from natural gas, post, 400km pipeline, storage 1000m;;[];carbon dioxide, captured from natural gas, post, 400km pipeline, storage 1000m;-1.0;kilogram;carbon dioxide, captured from natural gas, post, 400km pipeline, storage 1000m;1.0;production;USA;ecoinvent_cutoff_3.9_remind_SSP2-PkBudg500_2030
50bb12487f4743cabea924a69b930bcc;carbon dioxide, captured from natural gas, post, 400km pipeline, storage 1000m;USA;carbon dioxide, captured from natural gas, post, 400km pipeline, storage 1000m;;[];carbon dioxide storage from natural gas, post, 400km pipeline, storage 1000m;-1.0;kilogram;carbon dioxide storage from natural gas, post, 400km pipeline, storage 1000m;;technosphere;USA;ecoinvent_cutoff_3.9_remind_SSP2-PkBudg500_2030
50d2e646e9b847b2b4a3c29479057d66;ethanol production, via fermentation, from poplar, with carbon capture and storage, energy allocation;NEU;ethanol, from poplar;;[];carbon dioxide storage at wood burning power plant 20 MW post, pipeline 200km, storage 1000m;-4.074812712917694;kilogram;carbon dioxide storage at wood burning power plant 20 MW post, pipeline 200km, storage 1000m;;technosphere;NEU;ecoinvent_cutoff_3.9_remind_SSP2-PkBudg500_2030
50eb86835bd04378b61ebf0ba9c6ab11;carbon dioxide storage at synthetic natural gas plant, post, 400km pipeline, storage 3000m;CHA;carbon dioxide storage at synthetic natural gas plant, post, 400km pipeline, storage 3000m;;[];carbon dioxide storage at synthetic natural gas plant, post, 400km pipeline, storage 3000m;-1.0;kilogram;carbon dioxide storage at synthetic natural gas plant, post, 400km pipeline, storage 3000m;1.0;production;CHA;ecoinvent_cutoff_3.9_remind_SSP2-PkBudg500_2030
514990677db24fa08830d7228867aead;carbon dioxide, captured at wood burning power plant 20 MW post, pipeline 200km, storage 1000m;EUR;carbon dioxide, captured at wood burning power plant 20 MW post, pipeline 200km, storage 1000m;;[];carbon dioxide, captured at wood burning power plant 20 MW post, pipeline 200km, storage 1000m;-1.0;kilogram;carbon dioxide, captured at wood burning power plant 20 MW post, pipeline 200km, storage 1000m;1.0;production;EUR;ecoinvent_cutoff_3.9_remind_SSP2-PkBudg500_2030
514990677db24fa08830d7228867aead;carbon dioxide, captured at wood burning power plant 20 MW post, pipeline 200km, storage 1000m;EUR;carbon dioxide, captured at wood burning power plant 20 MW post, pipeline 200km, storage 1000m;;[];carbon dioxide storage at wood burning power plant 20 MW post, pipeline 200km, storage 1000m;-1.0;kilogram;carbon dioxide storage at wood burning power plant 20 MW post, pipeline 200km, storage 1000m;;technosphere;EUR;ecoinvent_cutoff_3.9_remind_SSP2-PkBudg500_2030
516940efece74e6d90536c37c2a0da1a;carbon dioxide, captured from atmosphere and stored, with a sorbent-based direct air capture system, 100ktCO2, with heat pump heat, and grid electricity;EUR;carbon dioxide, captured from atmosphere;;[];carbon dioxide, captured from atmosphere and stored, with a sorbent-based direct air capture system, 100ktCO2, with heat pump heat, and grid electricity;-1.0;kilogram;carbon dioxide, captured from atmosphere;1.0;production;EUR;ecoinvent_cutoff_3.9_remind_SSP2-PkBudg500_2030
5175a37dd9aa42c481187692532c5026;carbon dioxide, captured from atmosphere, with a sorbent-based direct air capture system, 100ktCO2, with industrial steam heat, and grid electricity;SSA;carbon dioxide, captured from atmosphere;;[];carbon dioxide, captured from atmosphere, with a sorbent-based direct air capture system, 100ktCO2, with industrial steam heat, and grid electricity;-1.0;kilogram;carbon dioxide, captured from atmosphere;1.0;production;SSA;ecoinvent_cutoff_3.9_remind_SSP2-PkBudg500_2030
51f1795406654d9aad5de3394d4378c9;carbon dioxide, captured from atmosphere, with a solvent-based direct air capture system, 1MtCO2, with heat pump heat, and grid electricity;SSA;carbon dioxide, captured from atmosphere;;[];carbon dioxide, captured from atmosphere, with a solvent-based direct air capture system, 1MtCO2, with heat pump heat, and grid electricity;-1.0;kilogram;carbon dioxide, captured from atmosphere;1.0;production;SSA;ecoinvent_cutoff_3.9_remind_SSP2-PkBudg500_2030
524cdba7b01f4961bbe15dd02759ade6;carbon monoxide, from RWGS, for Fischer Tropsch process, hydrogen from electrolysis;OAS;carbon monoxide, from RWGS;;[];carbon dioxide, captured from atmosphere, with a solvent-based direct air capture system, 1MtCO2, with heat pump heat, and grid electricity;-1.57;kilogram;carbon dioxide, captured from atmosphere;;technosphere;OAS;ecoinvent_cutoff_3.9_remind_SSP2-PkBudg500_2030
52d5f353fd6b49b186d022cb97aa829d;carbon dioxide storage at wood burning power plant 20 MW post, pipeline 200km, storage 1000m;LAM;carbon dioxide storage at wood burning power plant 20 MW post, pipeline 200km, storage 1000m;;[];carbon dioxide storage at wood burning power plant 20 MW post, pipeline 200km, storage 1000m;-1.0;kilogram;carbon dioxide storage at wood burning power plant 20 MW post, pipeline 200km, storage 1000m;1.0;production;LAM;ecoinvent_cutoff_3.9_remind_SSP2-PkBudg500_2030
52dc5f8f99cb429cb6fbbc3877ad5961;carbon dioxide storage from hard coal, oxy, pipeline 400km, storage 3000m;MEA;carbon dioxide storage from hard coal, oxy, pipeline 400km, storage 3000m;;[];carbon dioxide storage from hard coal, oxy, pipeline 400km, storage 3000m;-1.0;kilogram;carbon dioxide storage from hard coal, oxy, pipeline 400km, storage 3000m;1.0;production;MEA;ecoinvent_cutoff_3.9_remind_SSP2-PkBudg500_2030
534484f01a9349fdb10b1c8a67f44a56;carbon dioxide, captured from atmosphere, with a sorbent-based direct air capture system, 100ktCO2, with waste heat, and grid electricity;JPN;carbon dioxide, captured from atmosphere;;[];carbon dioxide, captured from atmosphere, with a sorbent-based direct air capture system, 100ktCO2, with waste heat, and grid electricity;-1.0;kilogram;carbon dioxide, captured from atmosphere;1.0;production;JPN;ecoinvent_cutoff_3.9_remind_SSP2-PkBudg500_2030
534d3b0c0f294811ae07b9193792d290;carbon dioxide storage from natural gas, post, 200km pipeline, storage 1000m;RER;carbon dioxide storage from natural gas, post, 200km pipeline, storage 1000m;;[];carbon dioxide storage from natural gas, post, 200km pipeline, storage 1000m;-1.0;kilogram;carbon dioxide storage from natural gas, post, 200km pipeline, storage 1000m;;production;RER;ecoinvent_cutoff_3.9_remind_SSP2-PkBudg500_2030
534d3b0c0f294811ae07b9193792d290;carbon dioxide storage from natural gas, post, 200km pipeline, storage 1000m;RER;carbon dioxide storage from natural gas, post, 200km pipeline, storage 1000m;;[];carbon dioxide storage from natural gas, post, 200km pipeline, storage 1000m;-1.0;kilogram;carbon dioxide storage from natural gas, post, 200km pipeline, storage 1000m;;technosphere;EUR;ecoinvent_cutoff_3.9_remind_SSP2-PkBudg500_2030
53aa0f8ee4c2404f8e58ace8314063fa;hydrogen production, steam methane reforming of natural gas, with CCS (MDEA, 98% eff.), 25 bar;OAS;hydrogen, gaseous, 25 bar;;[];carbon dioxide, captured at hydrogen production plant, pre, pipeline 200km, storage 1000m;-6.161167019605815;kilogram;carbon dioxide, captured at hydrogen production plant, pre, pipeline 200km, storage 1000m;;technosphere;RER;ecoinvent_cutoff_3.9_remind_SSP2-PkBudg500_2030
53cc9164fbee49b99f7441887b27dd19;electricity production, at biomass-fired IGCC power plant, pre, pipeline 200km, storage 1000m;LAM;electricity, high voltage;;[];carbon dioxide, captured at wood burning power plant 20 MW post, pipeline 200km, storage 1000m;-0.9143419354838712;kilogram;carbon dioxide, captured at wood burning power plant 20 MW post, pipeline 200km, storage 1000m;;technosphere;LAM;ecoinvent_cutoff_3.9_remind_SSP2-PkBudg500_2030
53d4fbee3a8145b5bdaac18b6b447abd;hydrogen, from steam reforming of biomassgas, at reforming plant, pre, pipeline 200km, storage 1000m;RER;hydrogen, from steam reforming of biomassgas, at reforming plant, pre, pipeline 200km, storage 1000m;;[];carbon dioxide, captured at hydrogen production plant, pre, pipeline 200km, storage 1000m;-0.0496;kilogram;carbon dioxide, captured at hydrogen production plant, pre, pipeline 200km, storage 1000m;;technosphere;RER;ecoinvent_cutoff_3.9_remind_SSP2-PkBudg500_2030
54014dabd18c4000a09b99c03d402bb2;pig iron production;NEU;pig iron;;[('ISIC rev.4 ecoinvent', '2410:Manufacture of basic iron and steel'), ('CPC', '41111: Pig iron and spiegeleisen in pigs, blocks or other primary forms')];carbon dioxide, captured at steel production plant, with underground storage, post, 200 km;-0.29930747086457027;kilogram;carbon dioxide, captured and stored;0.0;technosphere;NEU;ecoinvent_cutoff_3.9_remind_SSP2-PkBudg500_2030
541533c447704c0e8348af0c718bb9ce;carbon dioxide, captured from hard coal-fired power plant, post, pipeline 200km, storage 1000m;NEU;carbon dioxide, captured from hard coal-fired power plant, post, pipeline 200km, storage 1000m;;[];carbon dioxide, captured from hard coal-fired power plant, post, pipeline 200km, storage 1000m;-1.0;kilogram;carbon dioxide, captured from hard coal-fired power plant, post, pipeline 200km, storage 1000m;1.0;production;NEU;ecoinvent_cutoff_3.9_remind_SSP2-PkBudg500_2030
541533c447704c0e8348af0c718bb9ce;carbon dioxide, captured from hard coal-fired power plant, post, pipeline 200km, storage 1000m;NEU;carbon dioxide, captured from hard coal-fired power plant, post, pipeline 200km, storage 1000m;;[];carbon dioxide storage from hard coal, post, pipeline 200km, storage 1000m;-1.0;kilogram;carbon dioxide storage from hard coal, post, pipeline 200km, storage 1000m;;technosphere;NEU;ecoinvent_cutoff_3.9_remind_SSP2-PkBudg500_2030
5423867b6cab455588fdf96e6f783331;carbon dioxide storage from lignite, post, pipeline 200km, storage 1000m;MEA;carbon dioxide storage from lignite, post, pipeline 200km, storage 1000m;;[];carbon dioxide storage from lignite, post, pipeline 200km, storage 1000m;-1.0;kilogram;carbon dioxide storage from lignite, post, pipeline 200km, storage 1000m;1.0;production;MEA;ecoinvent_cutoff_3.9_remind_SSP2-PkBudg500_2030
5483bc213439488cb0590972d9e75cdb;electricity production, at hard coal-fired power plant, ultra-super critical, oxy, pipeline 200km, storage 1000m;IND;electricity, high voltage;;[];carbon dioxide, captured from hard coal-fired power plant, oxy, pipeline 200km, storage 1000m;-0.8378999999996097;kilogram;carbon dioxide, captured from hard coal-fired power plant, oxy, pipeline 200km, storage 1000m;;technosphere;IND;ecoinvent_cutoff_3.9_remind_SSP2-PkBudg500_2030
54858bf856aa4b068a910c07c2a83e47;carbon dioxide, captured from lignite, pre, pipeline 200km, storage 1000m;MEA;carbon dioxide, captured from lignite, pre, pipeline 200km, storage 1000m;;[];carbon dioxide, captured from lignite, pre, pipeline 200km, storage 1000m;-1.0;kilogram;carbon dioxide, captured from lignite, pre, pipeline 200km, storage 1000m;1.0;production;MEA;ecoinvent_cutoff_3.9_remind_SSP2-PkBudg500_2030
54858bf856aa4b068a910c07c2a83e47;carbon dioxide, captured from lignite, pre, pipeline 200km, storage 1000m;MEA;carbon dioxide, captured from lignite, pre, pipeline 200km, storage 1000m;;[];carbon dioxide storage from lignite, pre, pipeline 200km, storage 1000m;-1.0;kilogram;carbon dioxide storage from lignite, pre, pipeline 200km, storage 1000m;;technosphere;MEA;ecoinvent_cutoff_3.9_remind_SSP2-PkBudg500_2030
54a3678db42c41f68029f241cc9e6b7f;carbon dioxide, captured from lignite, post, pipeline 200km, storage 1000m;NEU;carbon dioxide, captured from lignite, post, pipeline 200km, storage 1000m;;[];carbon dioxide, captured from lignite, post, pipeline 200km, storage 1000m;-1.0;kilogram;carbon dioxide, captured from lignite, post, pipeline 200km, storage 1000m;1.0;production;NEU;ecoinvent_cutoff_3.9_remind_SSP2-PkBudg500_2030
54a3678db42c41f68029f241cc9e6b7f;carbon dioxide, captured from lignite, post, pipeline 200km, storage 1000m;NEU;carbon dioxide, captured from lignite, post, pipeline 200km, storage 1000m;;[];carbon dioxide storage from lignite, post, pipeline 200km, storage 1000m;-1.0;kilogram;carbon dioxide storage from lignite, post, pipeline 200km, storage 1000m;;technosphere;NEU;ecoinvent_cutoff_3.9_remind_SSP2-PkBudg500_2030
54bd3edf0485439cbc32288b40b3608d;methane, from biological methanation, with carbon from atmosphere, using heat pump heat;EUR;methane, from biological methanation;;[];carbon dioxide, captured from atmosphere, with a solvent-based direct air capture system, 1MtCO2, with heat pump heat, and grid electricity;-2.75;kilogram;carbon dioxide, captured from atmosphere;;technosphere;EUR;ecoinvent_cutoff_3.9_remind_SSP2-PkBudg500_2030
54bdf09ac10e4922861fe83e13f6a9e0;ethanol production, via fermentation, from corn, with carbon capture and storage, energy allocation;JPN;ethanol, from corn;;[];carbon dioxide storage at wood burning power plant 20 MW post, pipeline 200km, storage 1000m;-1.1946233679702067;kilogram;carbon dioxide storage at wood burning power plant 20 MW post, pipeline 200km, storage 1000m;;technosphere;JPN;ecoinvent_cutoff_3.9_remind_SSP2-PkBudg500_2030
54f339ab1ca844aa91588b24519499b1;carbon dioxide, captured from atmosphere, with a solvent-based direct air capture system, 1MtCO2, with industrial steam heat, and grid electricity;JPN;carbon dioxide, captured from atmosphere;;[];carbon dioxide, captured from atmosphere, with a solvent-based direct air capture system, 1MtCO2, with industrial steam heat, and grid electricity;-1.0;kilogram;carbon dioxide, captured from atmosphere;1.0;production;JPN;ecoinvent_cutoff_3.9_remind_SSP2-PkBudg500_2030
55000ae531d74749bd61b5e0e0a769b2;electricity production, at hard coal-fired power plant, post, pipeline 200km, storage 1000m;USA;electricity, high voltage;;[];carbon dioxide, captured from hard coal-fired power plant, post, pipeline 200km, storage 1000m;-0.9072000000000003;kilogram;carbon dioxide, captured from hard coal-fired power plant, post, pipeline 200km, storage 1000m;;technosphere;USA;ecoinvent_cutoff_3.9_remind_SSP2-PkBudg500_2030
552ea1818e2a4ce6a919a87e9014d939;carbon dioxide storage from lignite, pre, pipeline 400km, storage 3000m;LAM;carbon dioxide storage from lignite, pre, pipeline 400km, storage 3000m;;[];carbon dioxide storage from lignite, pre, pipeline 400km, storage 3000m;-1.0;kilogram;carbon dioxide storage from lignite, pre, pipeline 400km, storage 3000m;1.0;production;LAM;ecoinvent_cutoff_3.9_remind_SSP2-PkBudg500_2030
55379aa855c64f878ef4f9d75baccfdf;carbon dioxide storage from hard coal, pre, pipeline 200km, storage 1000m;OAS;carbon dioxide storage from hard coal, pre, pipeline 200km, storage 1000m;;[];carbon dioxide storage from hard coal, pre, pipeline 200km, storage 1000m;-1.0;kilogram;carbon dioxide storage from hard coal, pre, pipeline 200km, storage 1000m;1.0;production;OAS;ecoinvent_cutoff_3.9_remind_SSP2-PkBudg500_2030
554fa93029ca4d0bb04b2fec6c4a458b;electricity production, at biomass-fired IGCC power plant, pre, pipeline 200km, storage 1000m;MEA;electricity, high voltage;;[];carbon dioxide, captured at wood burning power plant 20 MW post, pipeline 200km, storage 1000m;-0.9143419354838712;kilogram;carbon dioxide, captured at wood burning power plant 20 MW post, pipeline 200km, storage 1000m;;technosphere;MEA;ecoinvent_cutoff_3.9_remind_SSP2-PkBudg500_2030
559b125d22b04221ab02d44e3d796a78;carbon monoxide, from RWGS, for Fischer Tropsch process, hydrogen from electrolysis;NEU;carbon monoxide, from RWGS;;[];carbon dioxide, captured from atmosphere, with a solvent-based direct air capture system, 1MtCO2, with heat pump heat, and grid electricity;-1.57;kilogram;carbon dioxide, captured from atmosphere;;technosphere;NEU;ecoinvent_cutoff_3.9_remind_SSP2-PkBudg500_2030
564c114649a14929874100bf6edc9f0b;carbon dioxide storage at wood burning power plant 20 MW post, pipeline 200km, storage 1000m;NEU;carbon dioxide storage at wood burning power plant 20 MW post, pipeline 200km, storage 1000m;;[];carbon dioxide storage at wood burning power plant 20 MW post, pipeline 200km, storage 1000m;-1.0;kilogram;carbon dioxide storage at wood burning power plant 20 MW post, pipeline 200km, storage 1000m;1.0;production;NEU;ecoinvent_cutoff_3.9_remind_SSP2-PkBudg500_2030
564f31540c8d42b29002e29762972111;carbon dioxide, captured from hard coal-fired power plant, post, pipeline 200km, storage 1000m;CAZ;carbon dioxide, captured from hard coal-fired power plant, post, pipeline 200km, storage 1000m;;[];carbon dioxide, captured from hard coal-fired power plant, post, pipeline 200km, storage 1000m;-1.0;kilogram;carbon dioxide, captured from hard coal-fired power plant, post, pipeline 200km, storage 1000m;1.0;production;CAZ;ecoinvent_cutoff_3.9_remind_SSP2-PkBudg500_2030
564f31540c8d42b29002e29762972111;carbon dioxide, captured from hard coal-fired power plant, post, pipeline 200km, storage 1000m;CAZ;carbon dioxide, captured from hard coal-fired power plant, post, pipeline 200km, storage 1000m;;[];carbon dioxide storage from hard coal, post, pipeline 200km, storage 1000m;-1.0;kilogram;carbon dioxide storage from hard coal, post, pipeline 200km, storage 1000m;;technosphere;CAZ;ecoinvent_cutoff_3.9_remind_SSP2-PkBudg500_2030
56c4af7e635847fc95ebf0ab73bdba1d;carbon dioxide storage at synthetic natural gas plant, post, 200km pipeline, storage 1000m;MEA;carbon dioxide storage at synthetic natural gas plant, post, 200km pipeline, storage 1000m;;[];carbon dioxide storage at synthetic natural gas plant, post, 200km pipeline, storage 1000m;-1.0;kilogram;carbon dioxide storage at synthetic natural gas plant, post, 200km pipeline, storage 1000m;1.0;production;MEA;ecoinvent_cutoff_3.9_remind_SSP2-PkBudg500_2030
571a497e23e04e20b73bf432fb9ff1a4;carbon dioxide, captured from natural gas, post, 400km pipeline, storage 1000m;MEA;carbon dioxide, captured from natural gas, post, 400km pipeline, storage 1000m;;[];carbon dioxide, captured from natural gas, post, 400km pipeline, storage 1000m;-1.0;kilogram;carbon dioxide, captured from natural gas, post, 400km pipeline, storage 1000m;1.0;production;MEA;ecoinvent_cutoff_3.9_remind_SSP2-PkBudg500_2030
571a497e23e04e20b73bf432fb9ff1a4;carbon dioxide, captured from natural gas, post, 400km pipeline, storage 1000m;MEA;carbon dioxide, captured from natural gas, post, 400km pipeline, storage 1000m;;[];carbon dioxide storage from natural gas, post, 400km pipeline, storage 1000m;-1.0;kilogram;carbon dioxide storage from natural gas, post, 400km pipeline, storage 1000m;;technosphere;MEA;ecoinvent_cutoff_3.9_remind_SSP2-PkBudg500_2030
576dd17dd5f44caca9f961c54de2d5af;carbon dioxide storage from hard coal, pre, pipeline 400km, storage 3000m;IND;carbon dioxide storage from hard coal, pre, pipeline 400km, storage 3000m;;[];carbon dioxide storage from hard coal, pre, pipeline 400km, storage 3000m;-1.0;kilogram;carbon dioxide storage from hard coal, pre, pipeline 400km, storage 3000m;1.0;production;IND;ecoinvent_cutoff_3.9_remind_SSP2-PkBudg500_2030
578d14503ec44b78ade608514c46463f;carbon dioxide storage from hard coal, pre, pipeline 200km, storage 1000m;RER;carbon dioxide storage from hard coal, pre, pipeline 200km, storage 1000m;;[];carbon dioxide storage from hard coal, pre, pipeline 200km, storage 1000m;-1.0;kilogram;carbon dioxide storage from hard coal, pre, pipeline 200km, storage 1000m;;production;RER;ecoinvent_cutoff_3.9_remind_SSP2-PkBudg500_2030
578d14503ec44b78ade608514c46463f;carbon dioxide storage from hard coal, pre, pipeline 200km, storage 1000m;RER;carbon dioxide storage from hard coal, pre, pipeline 200km, storage 1000m;;[];carbon dioxide storage from hard coal, pre, pipeline 200km, storage 1000m;-1.0;kilogram;carbon dioxide storage from hard coal, pre, pipeline 200km, storage 1000m;;technosphere;EUR;ecoinvent_cutoff_3.9_remind_SSP2-PkBudg500_2030
578eab05f03b4d3d8992b8bb4755a0fd;carbon dioxide storage at wood burning power plant 20 MW post, pipeline 400km, storage 3000m;LAM;carbon dioxide storage at wood burning power plant 20 MW post, pipeline 400km, storage 3000m;;[];carbon dioxide storage at wood burning power plant 20 MW post, pipeline 400km, storage 3000m;-1.0;kilogram;carbon dioxide storage at wood burning power plant 20 MW post, pipeline 400km, storage 3000m;1.0;production;LAM;ecoinvent_cutoff_3.9_remind_SSP2-PkBudg500_2030
5796022f41a34d7fb1a6e6549d505da1;hydrogen production, steam methane reforming, from biomethane, high and low temperature, with CCS (MDEA, 98% eff.), 26 bar;SSA;hydrogen, gaseous, 26 bar;;[];carbon dioxide, captured at hydrogen production plant, pre, pipeline 200km, storage 1000m;-6.149690995325822;kilogram;carbon dioxide, captured at hydrogen production plant, pre, pipeline 200km, storage 1000m;;technosphere;RER;ecoinvent_cutoff_3.9_remind_SSP2-PkBudg500_2030
57dbb76414734443a82b4bff83271cae;carbon dioxide storage from hard coal, oxy, pipeline 200km, storage 1000m;NEU;carbon dioxide storage from hard coal, oxy, pipeline 200km, storage 1000m;;[];carbon dioxide storage from hard coal, oxy, pipeline 200km, storage 1000m;-1.0;kilogram;carbon dioxide storage from hard coal, oxy, pipeline 200km, storage 1000m;1.0;production;NEU;ecoinvent_cutoff_3.9_remind_SSP2-PkBudg500_2030
5848a5c8709049d48d4d7cfefa7737c1;hydrogen production, gaseous, 30 bar, from hard coal gasification and reforming, with CCS, at coal gasification plant;USA;hydrogen, gaseous, 30 bar;;[];carbon dioxide, captured at hydrogen production plant, pre, pipeline 400km, storage 3000m;-15.29;kilogram;carbon dioxide, captured at hydrogen production plant, pre, pipeline 400km, storage 3000m;;technosphere;RER;ecoinvent_cutoff_3.9_remind_SSP2-PkBudg500_2030
58656e1445eb427bb8aadb4cfc1927c6;ethanol production, via fermentation, from eucalyptus, with carbon capture and storage;OAS;ethanol, from eucalyptus;;[];carbon dioxide storage at wood burning power plant 20 MW post, pipeline 200km, storage 1000m;-4.095;kilogram;carbon dioxide storage at wood burning power plant 20 MW post, pipeline 200km, storage 1000m;;technosphere;OAS;ecoinvent_cutoff_3.9_remind_SSP2-PkBudg500_2030
5872743c4412404db4be2aca14131323;steel production, electric, low-alloyed;MEA;steel, low-alloyed;;[('ISIC rev.4 ecoinvent', '2410:Manufacture of basic iron and steel'), ('CPC', '41122: Alloy steel in ingots or other primary forms and semi-finished products of alloy steel')];carbon dioxide, captured at steel production plant, with underground storage, post, 200 km;-0.018712519520362837;kilogram;carbon dioxide, captured and stored;0.0;technosphere;MEA;ecoinvent_cutoff_3.9_remind_SSP2-PkBudg500_2030
5872743c4412404db4be2aca14131323;steel production, electric, low-alloyed;MEA;steel, low-alloyed;;[('ISIC rev.4 ecoinvent', '2410:Manufacture of basic iron and steel'), ('CPC', '41122: Alloy steel in ingots or other primary forms and semi-finished products of alloy steel')];carbon dioxide, captured at steel production plant, with underground storage, post, 200 km;-0.0018881145313087468;kilogram;carbon dioxide, captured and stored;0.0;technosphere;MEA;ecoinvent_cutoff_3.9_remind_SSP2-PkBudg500_2030
5970fe0713174873874c82aaca290f46;carbon dioxide, captured from atmosphere and stored, with a sorbent-based direct air capture system, 100ktCO2, with waste heat, and grid electricity;REF;carbon dioxide, captured from atmosphere;;[];carbon dioxide, captured from atmosphere and stored, with a sorbent-based direct air capture system, 100ktCO2, with waste heat, and grid electricity;-1.0;kilogram;carbon dioxide, captured from atmosphere;1.0;production;REF;ecoinvent_cutoff_3.9_remind_SSP2-PkBudg500_2030
5a1ad303fb154a31b60e8f12fd201079;electricity production, at hard coal-fired IGCC power plant, pre, pipeline 200km, storage 1000m;REF;electricity, high voltage;;[];carbon dioxide, captured from hard coal-fired power plant, pre, pipeline 200km, storage 1000m;-0.7056000000000001;kilogram;carbon dioxide, captured from hard coal-fired power plant, pre, pipeline 200km, storage 1000m;;technosphere;REF;ecoinvent_cutoff_3.9_remind_SSP2-PkBudg500_2030
5a3cfe40b94e457d9d100484e7338896;carbon dioxide, captured at steel production plant, with underground storage, post, 200 km;USA;carbon dioxide, captured and stored;;[];carbon dioxide, captured at steel production plant, with underground storage, post, 200 km;-1.0;kilogram;carbon dioxide, captured and stored;;production;USA;ecoinvent_cutoff_3.9_remind_SSP2-PkBudg500_2030
5a3cfe40b94e457d9d100484e7338896;carbon dioxide, captured at steel production plant, with underground storage, post, 200 km;USA;carbon dioxide, captured and stored;;[];carbon dioxide storage from hard coal, post, pipeline 200km, storage 1000m;-1.0;kilogram;carbon dioxide storage from hard coal, post, pipeline 200km, storage 1000m;;technosphere;USA;ecoinvent_cutoff_3.9_remind_SSP2-PkBudg500_2030
5a7114812efa4ed2b55c3dbb19009229;carbon dioxide, captured from hard coal-fired power plant, pre, pipeline 200km, storage 1000m;REF;carbon dioxide, captured from hard coal-fired power plant, pre, pipeline 200km, storage 1000m;;[];carbon dioxide, captured from hard coal-fired power plant, pre, pipeline 200km, storage 1000m;-1.0;kilogram;carbon dioxide, captured from hard coal-fired power plant, pre, pipeline 200km, storage 1000m;1.0;production;REF;ecoinvent_cutoff_3.9_remind_SSP2-PkBudg500_2030
5a7114812efa4ed2b55c3dbb19009229;carbon dioxide, captured from hard coal-fired power plant, pre, pipeline 200km, storage 1000m;REF;carbon dioxide, captured from hard coal-fired power plant, pre, pipeline 200km, storage 1000m;;[];carbon dioxide storage from hard coal, pre, pipeline 200km, storage 1000m;-1.0;kilogram;carbon dioxide storage from hard coal, pre, pipeline 200km, storage 1000m;;technosphere;REF;ecoinvent_cutoff_3.9_remind_SSP2-PkBudg500_2030
5af003febcc3464c9b97487a4ea337ef;methanol synthesis, hydrogen from electrolysis, CO2 from DAC;CHA;methanol, unpurified;;[];carbon dioxide, captured from atmosphere, with a solvent-based direct air capture system, 1MtCO2, with heat pump heat, and grid electricity;-1.6904231625835189;kilogram;carbon dioxide, captured from atmosphere;;technosphere;CHA;ecoinvent_cutoff_3.9_remind_SSP2-PkBudg500_2030
5ba25b5310d9475abcb3f0bb3e45565e;carbon dioxide, captured at cement production plant, with underground storage, post, 200 km;CAZ;carbon dioxide, captured and stored;;[];carbon dioxide, captured at cement production plant, with underground storage, post, 200 km;-1.0;kilogram;carbon dioxide, captured and stored;;production;CAZ;ecoinvent_cutoff_3.9_remind_SSP2-PkBudg500_2030
5ba25b5310d9475abcb3f0bb3e45565e;carbon dioxide, captured at cement production plant, with underground storage, post, 200 km;CAZ;carbon dioxide, captured and stored;;[];carbon dioxide storage from hard coal, post, pipeline 200km, storage 1000m;-1.0;kilogram;carbon dioxide storage from hard coal, post, pipeline 200km, storage 1000m;;technosphere;CAZ;ecoinvent_cutoff_3.9_remind_SSP2-PkBudg500_2030
5be537fa34c24ccab92c86308b114a7e;carbon dioxide storage from natural gas, pre, 400km pipeline, storage 3000m;SSA;carbon dioxide storage from natural gas, pre, 400km pipeline, storage 3000m;;[];carbon dioxide storage from natural gas, pre, 400km pipeline, storage 3000m;-1.0;kilogram;carbon dioxide storage from natural gas, pre, 400km pipeline, storage 3000m;1.0;production;SSA;ecoinvent_cutoff_3.9_remind_SSP2-PkBudg500_2030
5ca37e69074a428fa09188869acb70d0;carbon dioxide, captured from lignite, oxy, pipeline 200km, storage 1000m;CHA;carbon dioxide, captured from lignite, oxy, pipeline 200km, storage 1000m;;[];carbon dioxide, captured from lignite, oxy, pipeline 200km, storage 1000m;-1.0;kilogram;carbon dioxide, captured from lignite, oxy, pipeline 200km, storage 1000m;1.0;production;CHA;ecoinvent_cutoff_3.9_remind_SSP2-PkBudg500_2030
5ca37e69074a428fa09188869acb70d0;carbon dioxide, captured from lignite, oxy, pipeline 200km, storage 1000m;CHA;carbon dioxide, captured from lignite, oxy, pipeline 200km, storage 1000m;;[];carbon dioxide storage from lignite, oxy, pipeline 200km, storage 1000m;-1.0;kilogram;carbon dioxide storage from lignite, oxy, pipeline 200km, storage 1000m;;technosphere;CHA;ecoinvent_cutoff_3.9_remind_SSP2-PkBudg500_2030
5ccb3f5cc2fa4495a3859753b6576bbc;carbon dioxide, captured from atmosphere and stored, with a sorbent-based direct air capture system, 100ktCO2, with industrial steam heat, and grid electricity;LAM;carbon dioxide, captured from atmosphere;;[];carbon dioxide, captured from atmosphere and stored, with a sorbent-based direct air capture system, 100ktCO2, with industrial steam heat, and grid electricity;-1.0;kilogram;carbon dioxide, captured from atmosphere;1.0;production;LAM;ecoinvent_cutoff_3.9_remind_SSP2-PkBudg500_2030
5ccd3d5d7059442fadc6178d6739de7e;carbon dioxide storage at wood burning power plant 20 MW post, pipeline 400km, storage 3000m;CAZ;carbon dioxide storage at wood burning power plant 20 MW post, pipeline 400km, storage 3000m;;[];carbon dioxide storage at wood burning power plant 20 MW post, pipeline 400km, storage 3000m;-1.0;kilogram;carbon dioxide storage at wood burning power plant 20 MW post, pipeline 400km, storage 3000m;1.0;production;CAZ;ecoinvent_cutoff_3.9_remind_SSP2-PkBudg500_2030
5cff18b1814e4b73bfc11aade902f140;methane, from biological methanation, with carbon from atmosphere, using waste heat;CHA;methane, from biological methanation;;[];carbon dioxide, captured from atmosphere, with a sorbent-based direct air capture system, 100ktCO2, with waste heat, and grid electricity;-2.75;kilogram;carbon dioxide, captured from atmosphere;;technosphere;CHA;ecoinvent_cutoff_3.9_remind_SSP2-PkBudg500_2030
5d85d5086e9d434e824e78850a810a66;carbon dioxide storage from lignite, oxy, pipeline 400km, storage 3000m;CHA;carbon dioxide storage from lignite, oxy, pipeline 400km, storage 3000m;;[];carbon dioxide storage from lignite, oxy, pipeline 400km, storage 3000m;-1.0;kilogram;carbon dioxide storage from lignite, oxy, pipeline 400km, storage 3000m;1.0;production;CHA;ecoinvent_cutoff_3.9_remind_SSP2-PkBudg500_2030
5da7e16f104647c68c6d28ddfab92ea0;methanol synthesis and distillation, hydrogen from electrolysis, CO2 from cement plant;RER;methanol, purified;;[];carbon dioxide, captured at cement production plant, integrated in fuel production chain;-1.37;kilogram;carbon dioxide, captured and reused;;technosphere;RER;ecoinvent_cutoff_3.9_remind_SSP2-PkBudg500_2030
5df6adda73af4415aae313458f468d5c;carbon dioxide storage at wood burning power plant 20 MW post, pipeline 200km, storage 1000m;RER;carbon dioxide storage at wood burning power plant 20 MW post, pipeline 200km, storage 1000m;;[];carbon dioxide storage at wood burning power plant 20 MW post, pipeline 200km, storage 1000m;-1.0;kilogram;carbon dioxide storage at wood burning power plant 20 MW post, pipeline 200km, storage 1000m;;production;RER;ecoinvent_cutoff_3.9_remind_SSP2-PkBudg500_2030
5df6adda73af4415aae313458f468d5c;carbon dioxide storage at wood burning power plant 20 MW post, pipeline 200km, storage 1000m;RER;carbon dioxide storage at wood burning power plant 20 MW post, pipeline 200km, storage 1000m;;[];carbon dioxide storage at wood burning power plant 20 MW post, pipeline 200km, storage 1000m;-1.0;kilogram;carbon dioxide storage at wood burning power plant 20 MW post, pipeline 200km, storage 1000m;;technosphere;EUR;ecoinvent_cutoff_3.9_remind_SSP2-PkBudg500_2030
5dfa069fe1024551bde16e94de6a7cab;electricity production, at hard coal-fired IGCC power plant, pre, pipeline 200km, storage 1000m;World;electricity, high voltage;;[];carbon dioxide, captured from hard coal-fired power plant, pre, pipeline 200km, storage 1000m;-0.7393871929500001;kilogram;carbon dioxide, captured from hard coal-fired power plant, pre, pipeline 200km, storage 1000m;;technosphere;World;ecoinvent_cutoff_3.9_remind_SSP2-PkBudg500_2030
5e09fc9a4cd34d27b73ce751d4535742;steel production, electric, chromium steel 18/8;CAZ;steel, chromium steel 18/8;;[('ISIC rev.4 ecoinvent', '2410:Manufacture of basic iron and steel'), ('CPC', '41122: Alloy steel in ingots or other primary forms and semi-finished products of alloy steel')];carbon dioxide, captured at steel production plant, with underground storage, post, 200 km;-0.01566958209578845;kilogram;carbon dioxide, captured and stored;0.0;technosphere;CAZ;ecoinvent_cutoff_3.9_remind_SSP2-PkBudg500_2030
5e1fc62e94e6458fa3d932c5d6c5200c;carbon dioxide, captured from hard coal-fired power plant, post, pipeline 200km, storage 1000m;IND;carbon dioxide, captured from hard coal-fired power plant, post, pipeline 200km, storage 1000m;;[];carbon dioxide, captured from hard coal-fired power plant, post, pipeline 200km, storage 1000m;-1.0;kilogram;carbon dioxide, captured from hard coal-fired power plant, post, pipeline 200km, storage 1000m;1.0;production;IND;ecoinvent_cutoff_3.9_remind_SSP2-PkBudg500_2030
5e1fc62e94e6458fa3d932c5d6c5200c;carbon dioxide, captured from hard coal-fired power plant, post, pipeline 200km, storage 1000m;IND;carbon dioxide, captured from hard coal-fired power plant, post, pipeline 200km, storage 1000m;;[];carbon dioxide storage from hard coal, post, pipeline 200km, storage 1000m;-1.0;kilogram;carbon dioxide storage from hard coal, post, pipeline 200km, storage 1000m;;technosphere;IND;ecoinvent_cutoff_3.9_remind_SSP2-PkBudg500_2030
5e1ffd8ff9f84db193fa06d50d8ca463;carbon dioxide storage from natural gas, post, 400km pipeline, storage 3000m;SSA;carbon dioxide storage from natural gas, post, 400km pipeline, storage 3000m;;[];carbon dioxide storage from natural gas, post, 400km pipeline, storage 3000m;-1.0;kilogram;carbon dioxide storage from natural gas, post, 400km pipeline, storage 3000m;1.0;production;SSA;ecoinvent_cutoff_3.9_remind_SSP2-PkBudg500_2030
5e2ee9d1c1ba4e3380d39a219a4a71bf;carbon dioxide, captured from atmosphere and stored, with a sorbent-based direct air capture system, 100ktCO2, with industrial steam heat, and grid electricity;World;carbon dioxide, captured from atmosphere;;[];carbon dioxide, captured from atmosphere and stored, with a sorbent-based direct air capture system, 100ktCO2, with industrial steam heat, and grid electricity;-1.0;kilogram;carbon dioxide, captured from atmosphere;1.0;production;World;ecoinvent_cutoff_3.9_remind_SSP2-PkBudg500_2030
5e694b78a5cd4771970ec86d5e6bce6f;carbon dioxide, captured from atmosphere and stored, with a solvent-based direct air capture system, 1MtCO2, with heat pump heat, and grid electricity;World;carbon dioxide, captured from atmosphere;;[];carbon dioxide, captured from atmosphere and stored, with a solvent-based direct air capture system, 1MtCO2, with heat pump heat, and grid electricity;-1.0;kilogram;carbon dioxide, captured from atmosphere;1.0;production;World;ecoinvent_cutoff_3.9_remind_SSP2-PkBudg500_2030
5e7a55df644c49ee8e9c1ea1039f2e13;carbon dioxide storage from natural gas, pre, 400km pipeline, storage 3000m;JPN;carbon dioxide storage from natural gas, pre, 400km pipeline, storage 3000m;;[];carbon dioxide storage from natural gas, pre, 400km pipeline, storage 3000m;-1.0;kilogram;carbon dioxide storage from natural gas, pre, 400km pipeline, storage 3000m;1.0;production;JPN;ecoinvent_cutoff_3.9_remind_SSP2-PkBudg500_2030
5e85a76237014b1a9e0552dcbfd9993e;electricity production, at hard coal-fired IGCC power plant, pre, pipeline 200km, storage 1000m;LAM;electricity, high voltage;;[];carbon dioxide, captured from hard coal-fired power plant, pre, pipeline 200km, storage 1000m;-0.7375121872152631;kilogram;carbon dioxide, captured from hard coal-fired power plant, pre, pipeline 200km, storage 1000m;;technosphere;LAM;ecoinvent_cutoff_3.9_remind_SSP2-PkBudg500_2030
5ea3dfa78b1a435bbae67440fdc1ad9d;carbon dioxide storage from lignite, pre, pipeline 200km, storage 1000m;LAM;carbon dioxide storage from lignite, pre, pipeline 200km, storage 1000m;;[];carbon dioxide storage from lignite, pre, pipeline 200km, storage 1000m;-1.0;kilogram;carbon dioxide storage from lignite, pre, pipeline 200km, storage 1000m;1.0;production;LAM;ecoinvent_cutoff_3.9_remind_SSP2-PkBudg500_2030
5ee360c399c24f5a8b207fcdf6a6f947;electricity production, at hard coal-fired power plant, ultra-super critical, oxy, pipeline 200km, storage 1000m;MEA;electricity, high voltage;;[];carbon dioxide, captured from hard coal-fired power plant, oxy, pipeline 200km, storage 1000m;-0.8378999999996097;kilogram;carbon dioxide, captured from hard coal-fired power plant, oxy, pipeline 200km, storage 1000m;;technosphere;MEA;ecoinvent_cutoff_3.9_remind_SSP2-PkBudg500_2030
5f148b07c0834aa2b753b225301097b7;carbon dioxide storage from lignite, post, pipeline 400km, storage 3000m;CHA;carbon dioxide storage from lignite, post, pipeline 400km, storage 3000m;;[];carbon dioxide storage from lignite, post, pipeline 400km, storage 3000m;-1.0;kilogram;carbon dioxide storage from lignite, post, pipeline 400km, storage 3000m;1.0;production;CHA;ecoinvent_cutoff_3.9_remind_SSP2-PkBudg500_2030
5f26b7944f6e4e6fb57763dbbc174884;hydrogen production, gaseous, 30 bar, from hard coal gasification and reforming, with CCS, at coal gasification plant;OAS;hydrogen, gaseous, 30 bar;;[];carbon dioxide, captured at hydrogen production plant, pre, pipeline 400km, storage 3000m;-15.29;kilogram;carbon dioxide, captured at hydrogen production plant, pre, pipeline 400km, storage 3000m;;technosphere;RER;ecoinvent_cutoff_3.9_remind_SSP2-PkBudg500_2030
5f67245521bc4f5ba5e1f92a0ad2669a;carbon dioxide, captured from lignite, pre, pipeline 200km, storage 1000m;CHA;carbon dioxide, captured from lignite, pre, pipeline 200km, storage 1000m;;[];carbon dioxide, captured from lignite, pre, pipeline 200km, storage 1000m;-1.0;kilogram;carbon dioxide, captured from lignite, pre, pipeline 200km, storage 1000m;1.0;production;CHA;ecoinvent_cutoff_3.9_remind_SSP2-PkBudg500_2030
5f67245521bc4f5ba5e1f92a0ad2669a;carbon dioxide, captured from lignite, pre, pipeline 200km, storage 1000m;CHA;carbon dioxide, captured from lignite, pre, pipeline 200km, storage 1000m;;[];carbon dioxide storage from lignite, pre, pipeline 200km, storage 1000m;-1.0;kilogram;carbon dioxide storage from lignite, pre, pipeline 200km, storage 1000m;;technosphere;CHA;ecoinvent_cutoff_3.9_remind_SSP2-PkBudg500_2030
5fbbf53674164a6d85ba79b21af02f70;steel production, electric, low-alloyed;USA;steel, low-alloyed;;[('ISIC rev.4 ecoinvent', '2410:Manufacture of basic iron and steel'), ('CPC', '41122: Alloy steel in ingots or other primary forms and semi-finished products of alloy steel')];carbon dioxide, captured at steel production plant, with underground storage, post, 200 km;-0.017925896776970564;kilogram;carbon dioxide, captured and stored;0.0;technosphere;USA;ecoinvent_cutoff_3.9_remind_SSP2-PkBudg500_2030
5fbbf53674164a6d85ba79b21af02f70;steel production, electric, low-alloyed;USA;steel, low-alloyed;;[('ISIC rev.4 ecoinvent', '2410:Manufacture of basic iron and steel'), ('CPC', '41122: Alloy steel in ingots or other primary forms and semi-finished products of alloy steel')];carbon dioxide, captured at steel production plant, with underground storage, post, 200 km;-0.0018087434006151654;kilogram;carbon dioxide, captured and stored;0.0;technosphere;USA;ecoinvent_cutoff_3.9_remind_SSP2-PkBudg500_2030
60cc74b9ab274fad8be6dcce471ba410;carbon dioxide, captured from atmosphere, with a sorbent-based direct air capture system, 100ktCO2, with waste heat, and grid electricity;MEA;carbon dioxide, captured from atmosphere;;[];carbon dioxide, captured from atmosphere, with a sorbent-based direct air capture system, 100ktCO2, with waste heat, and grid electricity;-1.0;kilogram;carbon dioxide, captured from atmosphere;1.0;production;MEA;ecoinvent_cutoff_3.9_remind_SSP2-PkBudg500_2030
6124532d18dd44a6aa553fcfa7970ea6;carbon dioxide storage from lignite, pre, pipeline 400km, storage 3000m;RER;carbon dioxide storage from lignite, pre, pipeline 400km, storage 3000m;;[];carbon dioxide storage from lignite, pre, pipeline 400km, storage 3000m;-1.0;kilogram;carbon dioxide storage from lignite, pre, pipeline 400km, storage 3000m;;production;RER;ecoinvent_cutoff_3.9_remind_SSP2-PkBudg500_2030
6124532d18dd44a6aa553fcfa7970ea6;carbon dioxide storage from lignite, pre, pipeline 400km, storage 3000m;RER;carbon dioxide storage from lignite, pre, pipeline 400km, storage 3000m;;[];carbon dioxide storage from lignite, pre, pipeline 400km, storage 3000m;-1.0;kilogram;carbon dioxide storage from lignite, pre, pipeline 400km, storage 3000m;;technosphere;EUR;ecoinvent_cutoff_3.9_remind_SSP2-PkBudg500_2030
61d481fe80104eceb88d0f2fe442a4fa;carbon dioxide storage from lignite, post, pipeline 400km, storage 3000m;JPN;carbon dioxide storage from lignite, post, pipeline 400km, storage 3000m;;[];carbon dioxide storage from lignite, post, pipeline 400km, storage 3000m;-1.0;kilogram;carbon dioxide storage from lignite, post, pipeline 400km, storage 3000m;1.0;production;JPN;ecoinvent_cutoff_3.9_remind_SSP2-PkBudg500_2030
6272f014cfed46128500db4969eb30e9;steel production, electric, low-alloyed;LAM;steel, low-alloyed;;[('ISIC rev.4 ecoinvent', '2410:Manufacture of basic iron and steel'), ('CPC', '41122: Alloy steel in ingots or other primary forms and semi-finished products of alloy steel')];carbon dioxide, captured at steel production plant, with underground storage, post, 200 km;-0.016718061619162464;kilogram;carbon dioxide, captured and stored;0.0;technosphere;LAM;ecoinvent_cutoff_3.9_remind_SSP2-PkBudg500_2030
6272f014cfed46128500db4969eb30e9;steel production, electric, low-alloyed;LAM;steel, low-alloyed;;[('ISIC rev.4 ecoinvent', '2410:Manufacture of basic iron and steel'), ('CPC', '41122: Alloy steel in ingots or other primary forms and semi-finished products of alloy steel')];carbon dioxide, captured at steel production plant, with underground storage, post, 200 km;-0.0016868714575878564;kilogram;carbon dioxide, captured and stored;0.0;technosphere;LAM;ecoinvent_cutoff_3.9_remind_SSP2-PkBudg500_2030
62a3d0ad488b4c8b9d3ab684cc5a2fe2;carbon dioxide storage from lignite, oxy, pipeline 400km, storage 3000m;CAZ;carbon dioxide storage from lignite, oxy, pipeline 400km, storage 3000m;;[];carbon dioxide storage from lignite, oxy, pipeline 400km, storage 3000m;-1.0;kilogram;carbon dioxide storage from lignite, oxy, pipeline 400km, storage 3000m;1.0;production;CAZ;ecoinvent_cutoff_3.9_remind_SSP2-PkBudg500_2030
63072f3cba754866bde5928a45b3eb78;electricity production, at hard coal-fired IGCC power plant, pre, pipeline 200km, storage 1000m;NEU;electricity, high voltage;;[];carbon dioxide, captured from hard coal-fired power plant, pre, pipeline 200km, storage 1000m;-0.7287851353926316;kilogram;carbon dioxide, captured from hard coal-fired power plant, pre, pipeline 200km, storage 1000m;;technosphere;NEU;ecoinvent_cutoff_3.9_remind_SSP2-PkBudg500_2030
63601c685a034bda9d09a48956cf3ef6;carbon dioxide, captured from hard coal-fired power plant, pre, pipeline 200km, storage 1000m;EUR;carbon dioxide, captured from hard coal-fired power plant, pre, pipeline 200km, storage 1000m;;[];carbon dioxide, captured from hard coal-fired power plant, pre, pipeline 200km, storage 1000m;-1.0;kilogram;carbon dioxide, captured from hard coal-fired power plant, pre, pipeline 200km, storage 1000m;1.0;production;EUR;ecoinvent_cutoff_3.9_remind_SSP2-PkBudg500_2030
63601c685a034bda9d09a48956cf3ef6;carbon dioxide, captured from hard coal-fired power plant, pre, pipeline 200km, storage 1000m;EUR;carbon dioxide, captured from hard coal-fired power plant, pre, pipeline 200km, storage 1000m;;[];carbon dioxide storage from hard coal, pre, pipeline 200km, storage 1000m;-1.0;kilogram;carbon dioxide storage from hard coal, pre, pipeline 200km, storage 1000m;;technosphere;EUR;ecoinvent_cutoff_3.9_remind_SSP2-PkBudg500_2030
6362b15508434186bf82efd4ac71b163;electricity production, at hard coal-fired power plant, post, pipeline 200km, storage 1000m;EUR;electricity, high voltage;;[];carbon dioxide, captured from hard coal-fired power plant, post, pipeline 200km, storage 1000m;-0.9072000000000003;kilogram;carbon dioxide, captured from hard coal-fired power plant, post, pipeline 200km, storage 1000m;;technosphere;EUR;ecoinvent_cutoff_3.9_remind_SSP2-PkBudg500_2030
63899a124be14a45a358af79b6c5732b;hydrogen production, steam methane reforming of natural gas, with CCS (MDEA, 98% eff.), 25 bar;JPN;hydrogen, gaseous, 25 bar;;[];carbon dioxide, captured at hydrogen production plant, pre, pipeline 200km, storage 1000m;-6.161167019605815;kilogram;carbon dioxide, captured at hydrogen production plant, pre, pipeline 200km, storage 1000m;;technosphere;RER;ecoinvent_cutoff_3.9_remind_SSP2-PkBudg500_2030
64b455496e9b45a196b5ec36e8850ed0;carbon dioxide storage from natural gas, post, 400km pipeline, storage 1000m;World;carbon dioxide storage from natural gas, post, 400km pipeline, storage 1000m;;[];carbon dioxide storage from natural gas, post, 400km pipeline, storage 1000m;-1.0;kilogram;carbon dioxide storage from natural gas, post, 400km pipeline, storage 1000m;1.0;production;World;ecoinvent_cutoff_3.9_remind_SSP2-PkBudg500_2030
6532644aaa774cc5b3c9f1553489cb83;carbon dioxide storage from lignite, post, pipeline 200km, storage 1000m;USA;carbon dioxide storage from lignite, post, pipeline 200km, storage 1000m;;[];carbon dioxide storage from lignite, post, pipeline 200km, storage 1000m;-1.0;kilogram;carbon dioxide storage from lignite, post, pipeline 200km, storage 1000m;1.0;production;USA;ecoinvent_cutoff_3.9_remind_SSP2-PkBudg500_2030
65927198065f4c498bbf40822eeead9c;carbon dioxide, captured from atmosphere, with a solvent-based direct air capture system, 1MtCO2, with industrial steam heat, and grid electricity;CAZ;carbon dioxide, captured from atmosphere;;[];carbon dioxide, captured from atmosphere, with a solvent-based direct air capture system, 1MtCO2, with industrial steam heat, and grid electricity;-1.0;kilogram;carbon dioxide, captured from atmosphere;1.0;production;CAZ;ecoinvent_cutoff_3.9_remind_SSP2-PkBudg500_2030
65c6abb7033746ca8684f2af03bf68fb;carbon dioxide storage from hard coal, post, pipeline 200km, storage 1000m;IND;carbon dioxide storage from hard coal, post, pipeline 200km, storage 1000m;;[];carbon dioxide storage from hard coal, post, pipeline 200km, storage 1000m;-1.0;kilogram;carbon dioxide storage from hard coal, post, pipeline 200km, storage 1000m;1.0;production;IND;ecoinvent_cutoff_3.9_remind_SSP2-PkBudg500_2030
660b93a873d14bf5ae441d95c688cc04;ethanol production, via fermentation, from poplar, with carbon capture and storage, energy allocation;JPN;ethanol, from poplar;;[];carbon dioxide storage at wood burning power plant 20 MW post, pipeline 200km, storage 1000m;-4.074812712917694;kilogram;carbon dioxide storage at wood burning power plant 20 MW post, pipeline 200km, storage 1000m;;technosphere;JPN;ecoinvent_cutoff_3.9_remind_SSP2-PkBudg500_2030
661b273d3a9a4693a31de5c1381cd424;biodiesel production, via transesterification, from used cooking oil, with carbon capture and storage, energy allocation;RER;biodiesel, from cooking oil;;[];carbon dioxide storage at wood burning power plant 20 MW post, pipeline 200km, storage 1000m;-0.872083333333333;kilogram;carbon dioxide storage at wood burning power plant 20 MW post, pipeline 200km, storage 1000m;;technosphere;EUR;ecoinvent_cutoff_3.9_remind_SSP2-PkBudg500_2030
663191fd1c7f4c648efbad553de46282;carbon dioxide, captured from atmosphere and stored, with a sorbent-based direct air capture system, 100ktCO2, with waste heat, and grid electricity;OAS;carbon dioxide, captured from atmosphere;;[];carbon dioxide, captured from atmosphere and stored, with a sorbent-based direct air capture system, 100ktCO2, with waste heat, and grid electricity;-1.0;kilogram;carbon dioxide, captured from atmosphere;1.0;production;OAS;ecoinvent_cutoff_3.9_remind_SSP2-PkBudg500_2030
66fbf00f9e674259901f78eaa42e551b;carbon dioxide, captured from atmosphere, with a solvent-based direct air capture system, 1MtCO2, with heat pump heat, and grid electricity;LAM;carbon dioxide, captured from atmosphere;;[];carbon dioxide, captured from atmosphere, with a solvent-based direct air capture system, 1MtCO2, with heat pump heat, and grid electricity;-1.0;kilogram;carbon dioxide, captured from atmosphere;1.0;production;LAM;ecoinvent_cutoff_3.9_remind_SSP2-PkBudg500_2030
67b03574aa934cccbaaf251fd9d2a4b8;carbon dioxide storage from hard coal, post, pipeline 400km, storage 1000m;CHA;carbon dioxide storage from hard coal, post, pipeline 400km, storage 1000m;;[];carbon dioxide storage from hard coal, post, pipeline 400km, storage 1000m;-1.0;kilogram;carbon dioxide storage from hard coal, post, pipeline 400km, storage 1000m;1.0;production;CHA;ecoinvent_cutoff_3.9_remind_SSP2-PkBudg500_2030
67b9559515ef4c8faeb5ff0b8db3d614;methane, from electrochemical methanation, with carbon from atmosphere, using heat pump heat;EUR;methane, from electrochemical methanation;;[];carbon dioxide, captured from atmosphere, with a solvent-based direct air capture system, 1MtCO2, with heat pump heat, and grid electricity;-2.750348675034868;kilogram;carbon dioxide, captured from atmosphere;;technosphere;EUR;ecoinvent_cutoff_3.9_remind_SSP2-PkBudg500_2030
67b9c8b88eaa460085cd8382124d0814;carbon dioxide storage at hydrogen production plant, pre, pipeline 200km, storage 1000m;World;carbon dioxide storage at hydrogen production plant, pre, pipeline 200km, storage 1000m;;[];carbon dioxide storage at hydrogen production plant, pre, pipeline 200km, storage 1000m;-1.0;kilogram;carbon dioxide storage at hydrogen production plant, pre, pipeline 200km, storage 1000m;1.0;production;World;ecoinvent_cutoff_3.9_remind_SSP2-PkBudg500_2030
67c9918777ab434ca74561f281ba71bd;electricity production, at lignite-fired power plant, post, pipeline 200km, storage 1000m;EUR;electricity, high voltage;;[];carbon dioxide, captured from lignite, post, pipeline 200km, storage 1000m;-1.0773893126576402;kilogram;carbon dioxide, captured from lignite, post, pipeline 200km, storage 1000m;;technosphere;EUR;ecoinvent_cutoff_3.9_remind_SSP2-PkBudg500_2030
67e0729a56634bfc84a536d7885f9006;ethanol production, via fermentation, from sugarcane, with carbon capture and storage, energy allocation;SSA;ethanol, from sugarcane;;[];carbon dioxide storage at wood burning power plant 20 MW post, pipeline 200km, storage 1000m;-5.189136525067595;kilogram;carbon dioxide storage at wood burning power plant 20 MW post, pipeline 200km, storage 1000m;;technosphere;SSA;ecoinvent_cutoff_3.9_remind_SSP2-PkBudg500_2030
681ed1b0aa8e4f8cb125c11284c802a9;electricity production, at hard coal-fired IGCC power plant, pre, pipeline 200km, storage 1000m;JPN;electricity, high voltage;;[];carbon dioxide, captured from hard coal-fired power plant, pre, pipeline 200km, storage 1000m;-0.7661250716921054;kilogram;carbon dioxide, captured from hard coal-fired power plant, pre, pipeline 200km, storage 1000m;;technosphere;JPN;ecoinvent_cutoff_3.9_remind_SSP2-PkBudg500_2030
68acc19273f3456d877f809503006ef5;carbon dioxide storage from natural gas, post, 400km pipeline, storage 1000m;OAS;carbon dioxide storage from natural gas, post, 400km pipeline, storage 1000m;;[];carbon dioxide storage from natural gas, post, 400km pipeline, storage 1000m;-1.0;kilogram;carbon dioxide storage from natural gas, post, 400km pipeline, storage 1000m;1.0;production;OAS;ecoinvent_cutoff_3.9_remind_SSP2-PkBudg500_2030
68da7ba2d5574c38b5c30839c01c9d72;carbon dioxide storage from hard coal, post, pipeline 400km, storage 1000m;LAM;carbon dioxide storage from hard coal, post, pipeline 400km, storage 1000m;;[];carbon dioxide storage from hard coal, post, pipeline 400km, storage 1000m;-1.0;kilogram;carbon dioxide storage from hard coal, post, pipeline 400km, storage 1000m;1.0;production;LAM;ecoinvent_cutoff_3.9_remind_SSP2-PkBudg500_2030
68fb8d2bd57144f2a83a041c036f502e;carbon dioxide storage from natural gas, pre, 400km pipeline, storage 3000m;CAZ;carbon dioxide storage from natural gas, pre, 400km pipeline, storage 3000m;;[];carbon dioxide storage from natural gas, pre, 400km pipeline, storage 3000m;-1.0;kilogram;carbon dioxide storage from natural gas, pre, 400km pipeline, storage 3000m;1.0;production;CAZ;ecoinvent_cutoff_3.9_remind_SSP2-PkBudg500_2030
6905e070d63640799f9f18f2b149fb38;pig iron production;JPN;pig iron;;[('ISIC rev.4 ecoinvent', '2410:Manufacture of basic iron and steel'), ('CPC', '41111: Pig iron and spiegeleisen in pigs, blocks or other primary forms')];carbon dioxide, captured at steel production plant, with underground storage, post, 200 km;-0.23926409308643126;kilogram;carbon dioxide, captured and stored;0.0;technosphere;JPN;ecoinvent_cutoff_3.9_remind_SSP2-PkBudg500_2030
6a0843dc14744708b8b880557a59a8b3;carbon dioxide storage at hydrogen production plant, pre, pipeline 400km, storage 3000m;OAS;carbon dioxide storage at hydrogen production plant, pre, pipeline 400km, storage 3000m;;[];carbon dioxide storage at hydrogen production plant, pre, pipeline 400km, storage 3000m;-1.0;kilogram;carbon dioxide storage at hydrogen production plant, pre, pipeline 400km, storage 3000m;1.0;production;OAS;ecoinvent_cutoff_3.9_remind_SSP2-PkBudg500_2030
6a0db1ffd16f44099158f1b321a0c40e;hydrogen production, gaseous, 25 bar, from gasification of woody biomass in entrained flow gasifier, with CCS, at gasification plant;JPN;hydrogen, gaseous, 25 bar;;[];carbon dioxide, captured at hydrogen production plant, pre, pipeline 200km, storage 1000m;-19.58557;kilogram;carbon dioxide, captured at hydrogen production plant, pre, pipeline 200km, storage 1000m;;technosphere;RER;ecoinvent_cutoff_3.9_remind_SSP2-PkBudg500_2030
6a38d851aa964f03ba17b84be3269514;ethanol production, via fermentation, from eucalyptus, with carbon capture and storage;SSA;ethanol, from eucalyptus;;[];carbon dioxide storage at wood burning power plant 20 MW post, pipeline 200km, storage 1000m;-4.095;kilogram;carbon dioxide storage at wood burning power plant 20 MW post, pipeline 200km, storage 1000m;;technosphere;SSA;ecoinvent_cutoff_3.9_remind_SSP2-PkBudg500_2030
6a578de2ade14d879466bdea04e6a7e2;carbon dioxide, captured from atmosphere and stored, with a solvent-based direct air capture system, 1MtCO2, with heat pump heat, and grid electricity;REF;carbon dioxide, captured from atmosphere;;[];carbon dioxide, captured from atmosphere and stored, with a solvent-based direct air capture system, 1MtCO2, with heat pump heat, and grid electricity;-1.0;kilogram;carbon dioxide, captured from atmosphere;1.0;production;REF;ecoinvent_cutoff_3.9_remind_SSP2-PkBudg500_2030
6a6893688f88494f9655df6bd57e389f;carbon dioxide storage from lignite, post, pipeline 200km, storage 1000m;World;carbon dioxide storage from lignite, post, pipeline 200km, storage 1000m;;[];carbon dioxide storage from lignite, post, pipeline 200km, storage 1000m;-1.0;kilogram;carbon dioxide storage from lignite, post, pipeline 200km, storage 1000m;1.0;production;World;ecoinvent_cutoff_3.9_remind_SSP2-PkBudg500_2030
6a8f3af5ee024e20b4a4f5f07911afa3;carbon dioxide, captured at cement production plant, with underground storage, post, 200 km;World;carbon dioxide, captured and stored;;[];carbon dioxide, captured at cement production plant, with underground storage, post, 200 km;-1.0;kilogram;carbon dioxide, captured and stored;;production;World;ecoinvent_cutoff_3.9_remind_SSP2-PkBudg500_2030
6a8f3af5ee024e20b4a4f5f07911afa3;carbon dioxide, captured at cement production plant, with underground storage, post, 200 km;World;carbon dioxide, captured and stored;;[];carbon dioxide storage from hard coal, post, pipeline 200km, storage 1000m;-1.0;kilogram;carbon dioxide storage from hard coal, post, pipeline 200km, storage 1000m;;technosphere;World;ecoinvent_cutoff_3.9_remind_SSP2-PkBudg500_2030
6ae85aac06d3466dba8a63ec95128800;carbon dioxide storage at wood burning power plant 20 MW post, pipeline 400km, storage 3000m;IND;carbon dioxide storage at wood burning power plant 20 MW post, pipeline 400km, storage 3000m;;[];carbon dioxide storage at wood burning power plant 20 MW post, pipeline 400km, storage 3000m;-1.0;kilogram;carbon dioxide storage at wood burning power plant 20 MW post, pipeline 400km, storage 3000m;1.0;production;IND;ecoinvent_cutoff_3.9_remind_SSP2-PkBudg500_2030
6aea091fb0294f7ea98fc5e1d4d7277a;electricity production, at natural gas-fired combined cycle power plant, post, pipeline 200km, storage 1000m;World;electricity, high voltage;;[];carbon dioxide, captured from natural gas, post, 200km pipeline, storage 1000m;-0.34619033076692096;kilogram;carbon dioxide, captured from natural gas, post, 200km pipeline, storage 1000m;;technosphere;World;ecoinvent_cutoff_3.9_remind_SSP2-PkBudg500_2030
6b59350358484eac833a6d735ab36fa5;carbon dioxide storage from natural gas, pre, 400km pipeline, storage 3000m;MEA;carbon dioxide storage from natural gas, pre, 400km pipeline, storage 3000m;;[];carbon dioxide storage from natural gas, pre, 400km pipeline, storage 3000m;-1.0;kilogram;carbon dioxide storage from natural gas, pre, 400km pipeline, storage 3000m;1.0;production;MEA;ecoinvent_cutoff_3.9_remind_SSP2-PkBudg500_2030
6b750a68de4c478b87307a23c13dad61;carbon dioxide storage at synthetic natural gas plant, post, 200km pipeline, storage 1000m;NEU;carbon dioxide storage at synthetic natural gas plant, post, 200km pipeline, storage 1000m;;[];carbon dioxide storage at synthetic natural gas plant, post, 200km pipeline, storage 1000m;-1.0;kilogram;carbon dioxide storage at synthetic natural gas plant, post, 200km pipeline, storage 1000m;1.0;production;NEU;ecoinvent_cutoff_3.9_remind_SSP2-PkBudg500_2030
6baba901665b440c95e54051f851b697;carbon dioxide, captured from atmosphere and stored, with a sorbent-based direct air capture system, 100ktCO2, with industrial steam heat, and grid electricity;JPN;carbon dioxide, captured from atmosphere;;[];carbon dioxide, captured from atmosphere and stored, with a sorbent-based direct air capture system, 100ktCO2, with industrial steam heat, and grid electricity;-1.0;kilogram;carbon dioxide, captured from atmosphere;1.0;production;JPN;ecoinvent_cutoff_3.9_remind_SSP2-PkBudg500_2030
6bcfe01c8e6940488d89a402166ec818;carbon dioxide storage from hard coal, pre, pipeline 400km, storage 3000m;MEA;carbon dioxide storage from hard coal, pre, pipeline 400km, storage 3000m;;[];carbon dioxide storage from hard coal, pre, pipeline 400km, storage 3000m;-1.0;kilogram;carbon dioxide storage from hard coal, pre, pipeline 400km, storage 3000m;1.0;production;MEA;ecoinvent_cutoff_3.9_remind_SSP2-PkBudg500_2030
6bdd0124b18d441daaabbbcd9b40c993;hydrogen production, steam methane reforming, from biomethane, high and low temperature, with CCS (MDEA, 98% eff.), 26 bar;EUR;hydrogen, gaseous, 26 bar;;[];carbon dioxide, captured at hydrogen production plant, pre, pipeline 200km, storage 1000m;-6.149690995325822;kilogram;carbon dioxide, captured at hydrogen production plant, pre, pipeline 200km, storage 1000m;;technosphere;RER;ecoinvent_cutoff_3.9_remind_SSP2-PkBudg500_2030
6c056be0f04246afb16d1a117489374a;carbon dioxide storage at synthetic natural gas plant, post, 400km pipeline, storage 3000m;NEU;carbon dioxide storage at synthetic natural gas plant, post, 400km pipeline, storage 3000m;;[];carbon dioxide storage at synthetic natural gas plant, post, 400km pipeline, storage 3000m;-1.0;kilogram;carbon dioxide storage at synthetic natural gas plant, post, 400km pipeline, storage 3000m;1.0;production;NEU;ecoinvent_cutoff_3.9_remind_SSP2-PkBudg500_2030
6c3944d2e8ed4eccb0829a4254ece9d9;electricity production, at biomass-fired IGCC power plant, pre, pipeline 200km, storage 1000m;USA;electricity, high voltage;;[];carbon dioxide, captured at wood burning power plant 20 MW post, pipeline 200km, storage 1000m;-0.9143419354838712;kilogram;carbon dioxide, captured at wood burning power plant 20 MW post, pipeline 200km, storage 1000m;;technosphere;USA;ecoinvent_cutoff_3.9_remind_SSP2-PkBudg500_2030
6c7c10c32a5b47d5951f833a607ae17c;carbon dioxide, captured from natural gas, post, 200km pipeline, storage 1000m;SSA;carbon dioxide, captured from natural gas, post, 200km pipeline, storage 1000m;;[];carbon dioxide, captured from natural gas, post, 200km pipeline, storage 1000m;-1.0;kilogram;carbon dioxide, captured from natural gas, post, 200km pipeline, storage 1000m;1.0;production;SSA;ecoinvent_cutoff_3.9_remind_SSP2-PkBudg500_2030
6c7c10c32a5b47d5951f833a607ae17c;carbon dioxide, captured from natural gas, post, 200km pipeline, storage 1000m;SSA;carbon dioxide, captured from natural gas, post, 200km pipeline, storage 1000m;;[];carbon dioxide storage from natural gas, post, 200km pipeline, storage 1000m;-1.0;kilogram;carbon dioxide storage from natural gas, post, 200km pipeline, storage 1000m;;technosphere;SSA;ecoinvent_cutoff_3.9_remind_SSP2-PkBudg500_2030
6caca785711a4b03bb5db09964d3381b;carbon dioxide storage at wood burning power plant 20 MW post, pipeline 200km, storage 1000m;SSA;carbon dioxide storage at wood burning power plant 20 MW post, pipeline 200km, storage 1000m;;[];carbon dioxide storage at wood burning power plant 20 MW post, pipeline 200km, storage 1000m;-1.0;kilogram;carbon dioxide storage at wood burning power plant 20 MW post, pipeline 200km, storage 1000m;1.0;production;SSA;ecoinvent_cutoff_3.9_remind_SSP2-PkBudg500_2030
6caf1f0e172f472bbdd3fe439d58d4f5;ethanol production, via fermentation, from corn, with carbon capture and storage, energy allocation;IND;ethanol, from corn;;[];carbon dioxide storage at wood burning power plant 20 MW post, pipeline 200km, storage 1000m;-1.1946233679702067;kilogram;carbon dioxide storage at wood burning power plant 20 MW post, pipeline 200km, storage 1000m;;technosphere;IND;ecoinvent_cutoff_3.9_remind_SSP2-PkBudg500_2030
6e3e1dab639a4753813ab2e827e6cb03;carbon dioxide, captured from lignite, oxy, pipeline 200km, storage 1000m;RER;carbon dioxide, captured from lignite, oxy, pipeline 200km, storage 1000m;;[];carbon dioxide, captured from lignite, oxy, pipeline 200km, storage 1000m;-1.0;kilogram;carbon dioxide, captured from lignite, oxy, pipeline 200km, storage 1000m;;production;RER;ecoinvent_cutoff_3.9_remind_SSP2-PkBudg500_2030
6e3e1dab639a4753813ab2e827e6cb03;carbon dioxide, captured from lignite, oxy, pipeline 200km, storage 1000m;RER;carbon dioxide, captured from lignite, oxy, pipeline 200km, storage 1000m;;[];carbon dioxide, captured from lignite, oxy, pipeline 200km, storage 1000m;-1.0;kilogram;carbon dioxide, captured from lignite, oxy, pipeline 200km, storage 1000m;;technosphere;EUR;ecoinvent_cutoff_3.9_remind_SSP2-PkBudg500_2030
6ead70a54f0b480e804ea0fdd36e5edd;electricity production, at hard coal-fired power plant, oxy, pipeline 200km, storage 1000m;CAZ;electricity, high voltage;;[];carbon dioxide, captured from hard coal-fired power plant, oxy, pipeline 200km, storage 1000m;-0.9576000000000001;kilogram;carbon dioxide, captured from hard coal-fired power plant, oxy, pipeline 200km, storage 1000m;;technosphere;CAZ;ecoinvent_cutoff_3.9_remind_SSP2-PkBudg500_2030
6f841b510c024a3da7b43984d7d40753;hydrogen production, steam methane reforming, from biomethane, high and low temperature, with CCS (MDEA, 98% eff.), 26 bar;USA;hydrogen, gaseous, 26 bar;;[];carbon dioxide, captured at hydrogen production plant, pre, pipeline 200km, storage 1000m;-6.149690995325822;kilogram;carbon dioxide, captured at hydrogen production plant, pre, pipeline 200km, storage 1000m;;technosphere;RER;ecoinvent_cutoff_3.9_remind_SSP2-PkBudg500_2030
6fe749610e384d91a1068490d044159a;carbon dioxide storage from hard coal, post, pipeline 200km, storage 1000m;CHA;carbon dioxide storage from hard coal, post, pipeline 200km, storage 1000m;;[];carbon dioxide storage from hard coal, post, pipeline 200km, storage 1000m;-1.0;kilogram;carbon dioxide storage from hard coal, post, pipeline 200km, storage 1000m;1.0;production;CHA;ecoinvent_cutoff_3.9_remind_SSP2-PkBudg500_2030
6ff0dcee09dd4d97ae53cfb6fc0ee75e;carbon dioxide, captured from lignite, pre, pipeline 200km, storage 1000m;LAM;carbon dioxide, captured from lignite, pre, pipeline 200km, storage 1000m;;[];carbon dioxide, captured from lignite, pre, pipeline 200km, storage 1000m;-1.0;kilogram;carbon dioxide, captured from lignite, pre, pipeline 200km, storage 1000m;1.0;production;LAM;ecoinvent_cutoff_3.9_remind_SSP2-PkBudg500_2030
6ff0dcee09dd4d97ae53cfb6fc0ee75e;carbon dioxide, captured from lignite, pre, pipeline 200km, storage 1000m;LAM;carbon dioxide, captured from lignite, pre, pipeline 200km, storage 1000m;;[];carbon dioxide storage from lignite, pre, pipeline 200km, storage 1000m;-1.0;kilogram;carbon dioxide storage from lignite, pre, pipeline 200km, storage 1000m;;technosphere;LAM;ecoinvent_cutoff_3.9_remind_SSP2-PkBudg500_2030
701858d3de654809b6346a922786ae93;methane, from biological methanation, with carbon from atmosphere, using waste heat;EUR;methane, from biological methanation;;[];carbon dioxide, captured from atmosphere, with a sorbent-based direct air capture system, 100ktCO2, with waste heat, and grid electricity;-2.75;kilogram;carbon dioxide, captured from atmosphere;;technosphere;EUR;ecoinvent_cutoff_3.9_remind_SSP2-PkBudg500_2030
7041bb651e324cb29cb2a4a97cbdbbf9;clinker production;NEU;clinker;;[('EcoSpold01Categories', 'construction materials/binder'), ('ISIC rev.4 ecoinvent', '2394:Manufacture of cement, lime and plaster'), ('CPC', '37430: Cement clinkers')];carbon dioxide, captured at cement production plant, with underground storage, post, 200 km;-0.06494472144170567;kilogram;carbon dioxide, captured and stored;0.0;technosphere;NEU;ecoinvent_cutoff_3.9_remind_SSP2-PkBudg500_2030
70674037f5624272b8adef2ad050836e;carbon dioxide storage from lignite, oxy, pipeline 400km, storage 3000m;SSA;carbon dioxide storage from lignite, oxy, pipeline 400km, storage 3000m;;[];carbon dioxide storage from lignite, oxy, pipeline 400km, storage 3000m;-1.0;kilogram;carbon dioxide storage from lignite, oxy, pipeline 400km, storage 3000m;1.0;production;SSA;ecoinvent_cutoff_3.9_remind_SSP2-PkBudg500_2030
709dd07241a5435e8129c8c327af64ff;steel production, converter, low-alloyed;JPN;steel, low-alloyed;;[('ISIC rev.4 ecoinvent', '2410:Manufacture of basic iron and steel'), ('CPC', '41122: Alloy steel in ingots or other primary forms and semi-finished products of alloy steel')];carbon dioxide, captured at steel production plant, with underground storage, post, 200 km;-0.01767086302227023;kilogram;carbon dioxide, captured and stored;0.0;technosphere;JPN;ecoinvent_cutoff_3.9_remind_SSP2-PkBudg500_2030
709fb459211e4b0fac5198eda7992bd3;carbon dioxide storage at hydrogen production plant, pre, pipeline 400km, storage 3000m;USA;carbon dioxide storage at hydrogen production plant, pre, pipeline 400km, storage 3000m;;[];carbon dioxide storage at hydrogen production plant, pre, pipeline 400km, storage 3000m;-1.0;kilogram;carbon dioxide storage at hydrogen production plant, pre, pipeline 400km, storage 3000m;1.0;production;USA;ecoinvent_cutoff_3.9_remind_SSP2-PkBudg500_2030
70ce8ade7ba8403bb4efcbd80f4e55b4;carbon dioxide storage at synthetic natural gas plant, post, 200km pipeline, storage 1000m;RER;carbon dioxide storage at synthetic natural gas plant, post, 200km pipeline, storage 1000m;;[];carbon dioxide storage at synthetic natural gas plant, post, 200km pipeline, storage 1000m;-1.0;kilogram;carbon dioxide storage at synthetic natural gas plant, post, 200km pipeline, storage 1000m;;production;RER;ecoinvent_cutoff_3.9_remind_SSP2-PkBudg500_2030
70ce8ade7ba8403bb4efcbd80f4e55b4;carbon dioxide storage at synthetic natural gas plant, post, 200km pipeline, storage 1000m;RER;carbon dioxide storage at synthetic natural gas plant, post, 200km pipeline, storage 1000m;;[];carbon dioxide storage at synthetic natural gas plant, post, 200km pipeline, storage 1000m;-1.0;kilogram;carbon dioxide storage at synthetic natural gas plant, post, 200km pipeline, storage 1000m;;technosphere;EUR;ecoinvent_cutoff_3.9_remind_SSP2-PkBudg500_2030
71128c7611ab4bfb9224ee87a5a2804c;carbon dioxide storage from hard coal, oxy, pipeline 400km, storage 3000m;NEU;carbon dioxide storage from hard coal, oxy, pipeline 400km, storage 3000m;;[];carbon dioxide storage from hard coal, oxy, pipeline 400km, storage 3000m;-1.0;kilogram;carbon dioxide storage from hard coal, oxy, pipeline 400km, storage 3000m;1.0;production;NEU;ecoinvent_cutoff_3.9_remind_SSP2-PkBudg500_2030
71c09b577772467cb06f72cc2c37dfb8;electricity production, at hard coal-fired power plant, ultra-super critical, oxy, pipeline 200km, storage 1000m;NEU;electricity, high voltage;;[];carbon dioxide, captured from hard coal-fired power plant, oxy, pipeline 200km, storage 1000m;-0.8378999999996097;kilogram;carbon dioxide, captured from hard coal-fired power plant, oxy, pipeline 200km, storage 1000m;;technosphere;NEU;ecoinvent_cutoff_3.9_remind_SSP2-PkBudg500_2030
71fa258be0e54a3eb85fa147c643ff56;carbon dioxide storage from hard coal, post, pipeline 400km, storage 3000m;World;carbon dioxide storage from hard coal, post, pipeline 400km, storage 3000m;;[];carbon dioxide storage from hard coal, post, pipeline 400km, storage 3000m;-1.0;kilogram;carbon dioxide storage from hard coal, post, pipeline 400km, storage 3000m;1.0;production;World;ecoinvent_cutoff_3.9_remind_SSP2-PkBudg500_2030
7203f7e15c7d493a80d9b0ab8bf548f9;carbon dioxide, captured from hard coal-fired power plant, pre, pipeline 200km, storage 1000m;IND;carbon dioxide, captured from hard coal-fired power plant, pre, pipeline 200km, storage 1000m;;[];carbon dioxide, captured from hard coal-fired power plant, pre, pipeline 200km, storage 1000m;-1.0;kilogram;carbon dioxide, captured from hard coal-fired power plant, pre, pipeline 200km, storage 1000m;1.0;production;IND;ecoinvent_cutoff_3.9_remind_SSP2-PkBudg500_2030
7203f7e15c7d493a80d9b0ab8bf548f9;carbon dioxide, captured from hard coal-fired power plant, pre, pipeline 200km, storage 1000m;IND;carbon dioxide, captured from hard coal-fired power plant, pre, pipeline 200km, storage 1000m;;[];carbon dioxide storage from hard coal, pre, pipeline 200km, storage 1000m;-1.0;kilogram;carbon dioxide storage from hard coal, pre, pipeline 200km, storage 1000m;;technosphere;IND;ecoinvent_cutoff_3.9_remind_SSP2-PkBudg500_2030
7262416dac6d438db67587ff6d38a40d;electricity production, at hard coal-fired power plant, ultra-super critical, oxy, pipeline 200km, storage 1000m;World;electricity, high voltage;;[];carbon dioxide, captured from hard coal-fired power plant, oxy, pipeline 200km, storage 1000m;-0.8378999999996097;kilogram;carbon dioxide, captured from hard coal-fired power plant, oxy, pipeline 200km, storage 1000m;;technosphere;World;ecoinvent_cutoff_3.9_remind_SSP2-PkBudg500_2030
729b04cc582c49d88957322922119a87;carbon dioxide, captured from atmosphere and stored, with a sorbent-based direct air capture system, 100ktCO2, with heat pump heat, and grid electricity;LAM;carbon dioxide, captured from atmosphere;;[];carbon dioxide, captured from atmosphere and stored, with a sorbent-based direct air capture system, 100ktCO2, with heat pump heat, and grid electricity;-1.0;kilogram;carbon dioxide, captured from atmosphere;1.0;production;LAM;ecoinvent_cutoff_3.9_remind_SSP2-PkBudg500_2030
72c30370eaa6457c8c2ffff94572400a;carbon dioxide, captured from atmosphere, with a solvent-based direct air capture system, 1MtCO2, with industrial steam heat, and grid electricity;CHA;carbon dioxide, captured from atmosphere;;[];carbon dioxide, captured from atmosphere, with a solvent-based direct air capture system, 1MtCO2, with industrial steam heat, and grid electricity;-1.0;kilogram;carbon dioxide, captured from atmosphere;1.0;production;CHA;ecoinvent_cutoff_3.9_remind_SSP2-PkBudg500_2030
7308f394ce114da68d9b1b05b4e5743d;ethanol production, via fermentation, from forest residue, with carbon capture and storage, energy allocation;US;ethanol, from forest residue;;[];carbon dioxide storage at wood burning power plant 20 MW post, pipeline 200km, storage 1000m;-5.020489028070721;kilogram;carbon dioxide storage at wood burning power plant 20 MW post, pipeline 200km, storage 1000m;;technosphere;USA;ecoinvent_cutoff_3.9_remind_SSP2-PkBudg500_2030
73252356304a491094b2b6e3d98ef386;carbon dioxide, captured from lignite, pre, pipeline 200km, storage 1000m;CAZ;carbon dioxide, captured from lignite, pre, pipeline 200km, storage 1000m;;[];carbon dioxide, captured from lignite, pre, pipeline 200km, storage 1000m;-1.0;kilogram;carbon dioxide, captured from lignite, pre, pipeline 200km, storage 1000m;1.0;production;CAZ;ecoinvent_cutoff_3.9_remind_SSP2-PkBudg500_2030
73252356304a491094b2b6e3d98ef386;carbon dioxide, captured from lignite, pre, pipeline 200km, storage 1000m;CAZ;carbon dioxide, captured from lignite, pre, pipeline 200km, storage 1000m;;[];carbon dioxide storage from lignite, pre, pipeline 200km, storage 1000m;-1.0;kilogram;carbon dioxide storage from lignite, pre, pipeline 200km, storage 1000m;;technosphere;CAZ;ecoinvent_cutoff_3.9_remind_SSP2-PkBudg500_2030
73d397df7e8f44e49fe5537c039ee39b;carbon dioxide, captured from atmosphere, with a solvent-based direct air capture system, 1MtCO2, with heat pump heat, and grid electricity;OAS;carbon dioxide, captured from atmosphere;;[];carbon dioxide, captured from atmosphere, with a solvent-based direct air capture system, 1MtCO2, with heat pump heat, and grid electricity;-1.0;kilogram;carbon dioxide, captured from atmosphere;1.0;production;OAS;ecoinvent_cutoff_3.9_remind_SSP2-PkBudg500_2030
73e942c1c90a4514a9d78012a72e6e3e;carbon dioxide, captured from hard coal-fired power plant, oxy, pipeline 200km, storage 1000m;NEU;carbon dioxide, captured from hard coal-fired power plant, oxy, pipeline 200km, storage 1000m;;[];carbon dioxide, captured from hard coal-fired power plant, oxy, pipeline 200km, storage 1000m;-1.0;kilogram;carbon dioxide, captured from hard coal-fired power plant, oxy, pipeline 200km, storage 1000m;1.0;production;NEU;ecoinvent_cutoff_3.9_remind_SSP2-PkBudg500_2030
73e942c1c90a4514a9d78012a72e6e3e;carbon dioxide, captured from hard coal-fired power plant, oxy, pipeline 200km, storage 1000m;NEU;carbon dioxide, captured from hard coal-fired power plant, oxy, pipeline 200km, storage 1000m;;[];carbon dioxide storage from hard coal, oxy, pipeline 200km, storage 1000m;-1.0;kilogram;carbon dioxide storage from hard coal, oxy, pipeline 200km, storage 1000m;;technosphere;NEU;ecoinvent_cutoff_3.9_remind_SSP2-PkBudg500_2030
7440fd25dbea4d6cb73ee0677eef48c8;carbon dioxide, captured from natural gas, post, 200km pipeline, storage 1000m;MEA;carbon dioxide, captured from natural gas, post, 200km pipeline, storage 1000m;;[];carbon dioxide, captured from natural gas, post, 200km pipeline, storage 1000m;-1.0;kilogram;carbon dioxide, captured from natural gas, post, 200km pipeline, storage 1000m;1.0;production;MEA;ecoinvent_cutoff_3.9_remind_SSP2-PkBudg500_2030
7440fd25dbea4d6cb73ee0677eef48c8;carbon dioxide, captured from natural gas, post, 200km pipeline, storage 1000m;MEA;carbon dioxide, captured from natural gas, post, 200km pipeline, storage 1000m;;[];carbon dioxide storage from natural gas, post, 200km pipeline, storage 1000m;-1.0;kilogram;carbon dioxide storage from natural gas, post, 200km pipeline, storage 1000m;;technosphere;MEA;ecoinvent_cutoff_3.9_remind_SSP2-PkBudg500_2030
74414a3cd8c744f19973d0a9b07ea951;carbon dioxide, captured from atmosphere and stored, with a sorbent-based direct air capture system, 100ktCO2, with heat pump heat, and grid electricity;CHA;carbon dioxide, captured from atmosphere;;[];carbon dioxide, captured from atmosphere and stored, with a sorbent-based direct air capture system, 100ktCO2, with heat pump heat, and grid electricity;-1.0;kilogram;carbon dioxide, captured from atmosphere;1.0;production;CHA;ecoinvent_cutoff_3.9_remind_SSP2-PkBudg500_2030
7465c4be1b664038844b51c5d95f4e57;hydrogen production, steam methane reforming of natural gas, with CCS (MDEA, 98% eff.), 25 bar;REF;hydrogen, gaseous, 25 bar;;[];carbon dioxide, captured at hydrogen production plant, pre, pipeline 200km, storage 1000m;-6.161167019605815;kilogram;carbon dioxide, captured at hydrogen production plant, pre, pipeline 200km, storage 1000m;;technosphere;RER;ecoinvent_cutoff_3.9_remind_SSP2-PkBudg500_2030
7478315167464587942121b7aa614095;methane, from electrochemical methanation, with carbon from atmosphere, using heat pump heat;REF;methane, from electrochemical methanation;;[];carbon dioxide, captured from atmosphere, with a solvent-based direct air capture system, 1MtCO2, with heat pump heat, and grid electricity;-2.750348675034868;kilogram;carbon dioxide, captured from atmosphere;;technosphere;REF;ecoinvent_cutoff_3.9_remind_SSP2-PkBudg500_2030
748ebd49d20c402082a838e039480e28;carbon dioxide, captured from lignite, oxy, pipeline 200km, storage 1000m;EUR;carbon dioxide, captured from lignite, oxy, pipeline 200km, storage 1000m;;[];carbon dioxide, captured from lignite, oxy, pipeline 200km, storage 1000m;-1.0;kilogram;carbon dioxide, captured from lignite, oxy, pipeline 200km, storage 1000m;1.0;production;EUR;ecoinvent_cutoff_3.9_remind_SSP2-PkBudg500_2030
748ebd49d20c402082a838e039480e28;carbon dioxide, captured from lignite, oxy, pipeline 200km, storage 1000m;EUR;carbon dioxide, captured from lignite, oxy, pipeline 200km, storage 1000m;;[];carbon dioxide storage from lignite, oxy, pipeline 200km, storage 1000m;-1.0;kilogram;carbon dioxide storage from lignite, oxy, pipeline 200km, storage 1000m;;technosphere;EUR;ecoinvent_cutoff_3.9_remind_SSP2-PkBudg500_2030
74caaf7d3677426ebf96d295020ba754;carbon dioxide storage from lignite, oxy, pipeline 200km, storage 1000m;MEA;carbon dioxide storage from lignite, oxy, pipeline 200km, storage 1000m;;[];carbon dioxide storage from lignite, oxy, pipeline 200km, storage 1000m;-1.0;kilogram;carbon dioxide storage from lignite, oxy, pipeline 200km, storage 1000m;1.0;production;MEA;ecoinvent_cutoff_3.9_remind_SSP2-PkBudg500_2030
74e2340f554f40a1a1a6651978d63d0d;hydrogen production, gaseous, 30 bar, from hard coal gasification and reforming, with CCS, at coal gasification plant;LAM;hydrogen, gaseous, 30 bar;;[];carbon dioxide, captured at hydrogen production plant, pre, pipeline 400km, storage 3000m;-15.29;kilogram;carbon dioxide, captured at hydrogen production plant, pre, pipeline 400km, storage 3000m;;technosphere;RER;ecoinvent_cutoff_3.9_remind_SSP2-PkBudg500_2030
74f60a78128f4a65ba500a11293c76c0;carbon dioxide storage from lignite, post, pipeline 400km, storage 3000m;LAM;carbon dioxide storage from lignite, post, pipeline 400km, storage 3000m;;[];carbon dioxide storage from lignite, post, pipeline 400km, storage 3000m;-1.0;kilogram;carbon dioxide storage from lignite, post, pipeline 400km, storage 3000m;1.0;production;LAM;ecoinvent_cutoff_3.9_remind_SSP2-PkBudg500_2030
752b0aeba9884d0a8d3f30f5ff697b76;electricity production, at lignite-fired IGCC power plant, pre, pipeline 200km, storage 1000m;CHA;electricity, high voltage;;[];carbon dioxide, captured from lignite, pre, pipeline 200km, storage 1000m;-0.8896640426884782;kilogram;carbon dioxide, captured from lignite, pre, pipeline 200km, storage 1000m;;technosphere;CHA;ecoinvent_cutoff_3.9_remind_SSP2-PkBudg500_2030
75511f6184b242a89b71b2c24f2600ed;methane, from electrochemical methanation, with carbon from atmosphere, using waste heat;CHA;methane, from electrochemical methanation;;[];carbon dioxide, captured from atmosphere, with a sorbent-based direct air capture system, 100ktCO2, with waste heat, and grid electricity;-2.750348675034868;kilogram;carbon dioxide, captured from atmosphere;;technosphere;CHA;ecoinvent_cutoff_3.9_remind_SSP2-PkBudg500_2030
75b804d6f62a47bf94cec382c613f02f;steel production, converter, low-alloyed;EUR;steel, low-alloyed;;[('ISIC rev.4 ecoinvent', '2410:Manufacture of basic iron and steel'), ('CPC', '41122: Alloy steel in ingots or other primary forms and semi-finished products of alloy steel')];carbon dioxide, captured at steel production plant, with underground storage, post, 200 km;-0.01916490592119141;kilogram;carbon dioxide, captured and stored;0.0;technosphere;EUR;ecoinvent_cutoff_3.9_remind_SSP2-PkBudg500_2030
75b82ecd494c4978b822fdbee4009637;carbon dioxide, captured from atmosphere and stored, with a sorbent-based direct air capture system, 100ktCO2, with heat pump heat, and grid electricity;World;carbon dioxide, captured from atmosphere;;[];carbon dioxide, captured from atmosphere and stored, with a sorbent-based direct air capture system, 100ktCO2, with heat pump heat, and grid electricity;-1.0;kilogram;carbon dioxide, captured from atmosphere;1.0;production;World;ecoinvent_cutoff_3.9_remind_SSP2-PkBudg500_2030
7640d162df684e2ca54cd98cc2911dfa;carbon dioxide, captured from atmosphere and stored, with a solvent-based direct air capture system, 1MtCO2, with heat pump heat, and grid electricity;CHA;carbon dioxide, captured from atmosphere;;[];carbon dioxide, captured from atmosphere and stored, with a solvent-based direct air capture system, 1MtCO2, with heat pump heat, and grid electricity;-1.0;kilogram;carbon dioxide, captured from atmosphere;1.0;production;CHA;ecoinvent_cutoff_3.9_remind_SSP2-PkBudg500_2030
768f639806a8488cbbbebd05ad6792fc;carbon dioxide storage from natural gas, pre, 400km pipeline, storage 3000m;EUR;carbon dioxide storage from natural gas, pre, 400km pipeline, storage 3000m;;[];carbon dioxide storage from natural gas, pre, 400km pipeline, storage 3000m;-1.0;kilogram;carbon dioxide storage from natural gas, pre, 400km pipeline, storage 3000m;1.0;production;EUR;ecoinvent_cutoff_3.9_remind_SSP2-PkBudg500_2030
769eb0477612440184d8119fee083ba3;carbon dioxide storage from natural gas, pre, 200km pipeline, storage 1000m;RER;carbon dioxide storage from natural gas, pre, 200km pipeline, storage 1000m;;[];carbon dioxide storage from natural gas, pre, 200km pipeline, storage 1000m;-1.0;kilogram;carbon dioxide storage from natural gas, pre, 200km pipeline, storage 1000m;;production;RER;ecoinvent_cutoff_3.9_remind_SSP2-PkBudg500_2030
769eb0477612440184d8119fee083ba3;carbon dioxide storage from natural gas, pre, 200km pipeline, storage 1000m;RER;carbon dioxide storage from natural gas, pre, 200km pipeline, storage 1000m;;[];carbon dioxide storage from natural gas, pre, 200km pipeline, storage 1000m;-1.0;kilogram;carbon dioxide storage from natural gas, pre, 200km pipeline, storage 1000m;;technosphere;EUR;ecoinvent_cutoff_3.9_remind_SSP2-PkBudg500_2030
76d2f159dc464f1bab0baa72ddfd255f;electricity production, from combined cycle plant, synthetic natural gas, post, pipeline 200km, storage 1000m;RER;electricity, high voltage;;[];carbon dioxide, captured at synthetic natural gas plant, post, 200km pipeline, storage 1000m;-0.324;kilogram;carbon dioxide, captured at synthetic natural gas plant, post, 200km pipeline, storage 1000m;;technosphere;RER;ecoinvent_cutoff_3.9_remind_SSP2-PkBudg500_2030
76e5dea91dc5431eb283ab10aedb6e45;carbon dioxide storage from natural gas, post, 400km pipeline, storage 3000m;JPN;carbon dioxide storage from natural gas, post, 400km pipeline, storage 3000m;;[];carbon dioxide storage from natural gas, post, 400km pipeline, storage 3000m;-1.0;kilogram;carbon dioxide storage from natural gas, post, 400km pipeline, storage 3000m;1.0;production;JPN;ecoinvent_cutoff_3.9_remind_SSP2-PkBudg500_2030
76f8c3ee898d40338830cd0ea5db8270;ethanol production, via fermentation, from switchgrass, with carbon capture and storage, energy allocation;USA;ethanol, from switchgrass;;[];carbon dioxide storage at wood burning power plant 20 MW post, pipeline 200km, storage 1000m;-3.6597753976440037;kilogram;carbon dioxide storage at wood burning power plant 20 MW post, pipeline 200km, storage 1000m;;technosphere;USA;ecoinvent_cutoff_3.9_remind_SSP2-PkBudg500_2030
76fe2c9a4bff43a19cadd4f2988985be;carbon dioxide storage from hard coal, post, pipeline 400km, storage 1000m;REF;carbon dioxide storage from hard coal, post, pipeline 400km, storage 1000m;;[];carbon dioxide storage from hard coal, post, pipeline 400km, storage 1000m;-1.0;kilogram;carbon dioxide storage from hard coal, post, pipeline 400km, storage 1000m;1.0;production;REF;ecoinvent_cutoff_3.9_remind_SSP2-PkBudg500_2030
77120a716fac4fd3b15fcadcb8020c69;ethanol production, via fermentation, from switchgrass, with carbon capture and storage, energy allocation;NEU;ethanol, from switchgrass;;[];carbon dioxide storage at wood burning power plant 20 MW post, pipeline 200km, storage 1000m;-3.6597753976440037;kilogram;carbon dioxide storage at wood burning power plant 20 MW post, pipeline 200km, storage 1000m;;technosphere;NEU;ecoinvent_cutoff_3.9_remind_SSP2-PkBudg500_2030
77497fed9d6e4b90bd5eb7cd75dad064;syngas, from biomass gasification, pre, pipeline 400km, storage 3000m;RER;syngas, from biomass gasification, pre, pipeline 400km, storage 3000m;;[];carbon dioxide, captured at hydrogen production plant, pre, pipeline 400km, storage 3000m;-0.000607;kilogram;carbon dioxide, captured at hydrogen production plant, pre, pipeline 400km, storage 3000m;;technosphere;RER;ecoinvent_cutoff_3.9_remind_SSP2-PkBudg500_2030
77892854ee5d48f6a07c0c63973bd515;electricity production, at lignite-fired power plant, post, pipeline 200km, storage 1000m;CHA;electricity, high voltage;;[];carbon dioxide, captured from lignite, post, pipeline 200km, storage 1000m;-1.0645714285714285;kilogram;carbon dioxide, captured from lignite, post, pipeline 200km, storage 1000m;;technosphere;CHA;ecoinvent_cutoff_3.9_remind_SSP2-PkBudg500_2030
779bf1a98e704d8b88c6bfac0b68b90c;carbon dioxide, captured from natural gas, post, 200km pipeline, storage 1000m;NEU;carbon dioxide, captured from natural gas, post, 200km pipeline, storage 1000m;;[];carbon dioxide, captured from natural gas, post, 200km pipeline, storage 1000m;-1.0;kilogram;carbon dioxide, captured from natural gas, post, 200km pipeline, storage 1000m;1.0;production;NEU;ecoinvent_cutoff_3.9_remind_SSP2-PkBudg500_2030
779bf1a98e704d8b88c6bfac0b68b90c;carbon dioxide, captured from natural gas, post, 200km pipeline, storage 1000m;NEU;carbon dioxide, captured from natural gas, post, 200km pipeline, storage 1000m;;[];carbon dioxide storage from natural gas, post, 200km pipeline, storage 1000m;-1.0;kilogram;carbon dioxide storage from natural gas, post, 200km pipeline, storage 1000m;;technosphere;NEU;ecoinvent_cutoff_3.9_remind_SSP2-PkBudg500_2030
77bc5c34894143d8845eee4088675a7f;electricity production, at hard coal-fired power plant, ultra-super critical, oxy, pipeline 200km, storage 1000m;SSA;electricity, high voltage;;[];carbon dioxide, captured from hard coal-fired power plant, oxy, pipeline 200km, storage 1000m;-0.8378999999996097;kilogram;carbon dioxide, captured from hard coal-fired power plant, oxy, pipeline 200km, storage 1000m;;technosphere;SSA;ecoinvent_cutoff_3.9_remind_SSP2-PkBudg500_2030
77c69ac4651e43dfbafa8defa40e5b3f;ethanol production, via fermentation, from poplar, with carbon capture and storage, energy allocation;USA;ethanol, from poplar;;[];carbon dioxide storage at wood burning power plant 20 MW post, pipeline 200km, storage 1000m;-4.074812712917694;kilogram;carbon dioxide storage at wood burning power plant 20 MW post, pipeline 200km, storage 1000m;;technosphere;USA;ecoinvent_cutoff_3.9_remind_SSP2-PkBudg500_2030
78da91a211b247edad64e7ef7c7faae4;carbon dioxide, captured from hard coal-fired power plant, pre, pipeline 200km, storage 1000m;NEU;carbon dioxide, captured from hard coal-fired power plant, pre, pipeline 200km, storage 1000m;;[];carbon dioxide, captured from hard coal-fired power plant, pre, pipeline 200km, storage 1000m;-1.0;kilogram;carbon dioxide, captured from hard coal-fired power plant, pre, pipeline 200km, storage 1000m;1.0;production;NEU;ecoinvent_cutoff_3.9_remind_SSP2-PkBudg500_2030
78da91a211b247edad64e7ef7c7faae4;carbon dioxide, captured from hard coal-fired power plant, pre, pipeline 200km, storage 1000m;NEU;carbon dioxide, captured from hard coal-fired power plant, pre, pipeline 200km, storage 1000m;;[];carbon dioxide storage from hard coal, pre, pipeline 200km, storage 1000m;-1.0;kilogram;carbon dioxide storage from hard coal, pre, pipeline 200km, storage 1000m;;technosphere;NEU;ecoinvent_cutoff_3.9_remind_SSP2-PkBudg500_2030
78f1b654bf724f0c9a54740f0ed52317;ethanol production, via fermentation, from sugarbeet, with carbon capture and storage, energy allocation;CHA;ethanol, from sugarbeet;;[];carbon dioxide storage at wood burning power plant 20 MW post, pipeline 200km, storage 1000m;-1.8047940624999999;kilogram;carbon dioxide storage at wood burning power plant 20 MW post, pipeline 200km, storage 1000m;;technosphere;CHA;ecoinvent_cutoff_3.9_remind_SSP2-PkBudg500_2030
790e8415d887455e829f1fb4202faab1;methane, from biological methanation, with carbon from atmosphere, using heat pump heat;IND;methane, from biological methanation;;[];carbon dioxide, captured from atmosphere, with a solvent-based direct air capture system, 1MtCO2, with heat pump heat, and grid electricity;-2.75;kilogram;carbon dioxide, captured from atmosphere;;technosphere;IND;ecoinvent_cutoff_3.9_remind_SSP2-PkBudg500_2030
79520c18879743c4b0279860de1ad62c;steel production, electric, chromium steel 18/8;MEA;steel, chromium steel 18/8;;[('ISIC rev.4 ecoinvent', '2410:Manufacture of basic iron and steel'), ('CPC', '41122: Alloy steel in ingots or other primary forms and semi-finished products of alloy steel')];carbon dioxide, captured at steel production plant, with underground storage, post, 200 km;-0.016356815727411968;kilogram;carbon dioxide, captured and stored;0.0;technosphere;MEA;ecoinvent_cutoff_3.9_remind_SSP2-PkBudg500_2030
797e919887d943c991c97db573762cb8;electricity production, at lignite-fired power plant, post, pipeline 200km, storage 1000m;SSA;electricity, high voltage;;[];carbon dioxide, captured from lignite, post, pipeline 200km, storage 1000m;-1.0688193132649901;kilogram;carbon dioxide, captured from lignite, post, pipeline 200km, storage 1000m;;technosphere;SSA;ecoinvent_cutoff_3.9_remind_SSP2-PkBudg500_2030
7989560ef0b049349b7d7739705be67c;electricity production, at lignite-fired power plant, oxy, pipeline 200km, storage 1000m;USA;electricity, high voltage;;[];carbon dioxide, captured from lignite, oxy, pipeline 200km, storage 1000m;-1.1237142857142859;kilogram;carbon dioxide, captured from lignite, oxy, pipeline 200km, storage 1000m;;technosphere;USA;ecoinvent_cutoff_3.9_remind_SSP2-PkBudg500_2030
798da7035d694965bee7fe306328ac0e;carbon dioxide, captured from atmosphere, with a sorbent-based direct air capture system, 100ktCO2, with heat pump heat, and grid electricity;LAM;carbon dioxide, captured from atmosphere;;[];carbon dioxide, captured from atmosphere, with a sorbent-based direct air capture system, 100ktCO2, with heat pump heat, and grid electricity;-1.0;kilogram;carbon dioxide, captured from atmosphere;1.0;production;LAM;ecoinvent_cutoff_3.9_remind_SSP2-PkBudg500_2030
79d80269bd934b64bce33c199ebdbec7;carbon dioxide, captured at hydrogen production plant, pre, pipeline 200km, storage 1000m;RER;carbon dioxide, captured at hydrogen production plant, pre, pipeline 200km, storage 1000m;;[];carbon dioxide, captured at hydrogen production plant, pre, pipeline 200km, storage 1000m;-1.0;kilogram;carbon dioxide, captured at hydrogen production plant, pre, pipeline 200km, storage 1000m;;production;RER;ecoinvent_cutoff_3.9_remind_SSP2-PkBudg500_2030
79d80269bd934b64bce33c199ebdbec7;carbon dioxide, captured at hydrogen production plant, pre, pipeline 200km, storage 1000m;RER;carbon dioxide, captured at hydrogen production plant, pre, pipeline 200km, storage 1000m;;[];carbon dioxide storage at hydrogen production plant, pre, pipeline 200km, storage 1000m;-1.0;kilogram;carbon dioxide storage at hydrogen production plant, pre, pipeline 200km, storage 1000m;;technosphere;EUR;ecoinvent_cutoff_3.9_remind_SSP2-PkBudg500_2030
7a7acd7b0b144e698fc27180409522c5;carbon dioxide storage from natural gas, post, 200km pipeline, storage 1000m;World;carbon dioxide storage from natural gas, post, 200km pipeline, storage 1000m;;[];carbon dioxide storage from natural gas, post, 200km pipeline, storage 1000m;-1.0;kilogram;carbon dioxide storage from natural gas, post, 200km pipeline, storage 1000m;1.0;production;World;ecoinvent_cutoff_3.9_remind_SSP2-PkBudg500_2030
7afc7272ccd54f66b0e3500d739218a8;hydrogen production, gaseous, 25 bar, from gasification of woody biomass in entrained flow gasifier, with CCS, at gasification plant;CHA;hydrogen, gaseous, 25 bar;;[];carbon dioxide, captured at hydrogen production plant, pre, pipeline 200km, storage 1000m;-19.58557;kilogram;carbon dioxide, captured at hydrogen production plant, pre, pipeline 200km, storage 1000m;;technosphere;RER;ecoinvent_cutoff_3.9_remind_SSP2-PkBudg500_2030
7b3cfe3e500348bda634d9d4155fbf44;carbon dioxide, captured from natural gas, post, 200km pipeline, storage 1000m;CHA;carbon dioxide, captured from natural gas, post, 200km pipeline, storage 1000m;;[];carbon dioxide, captured from natural gas, post, 200km pipeline, storage 1000m;-1.0;kilogram;carbon dioxide, captured from natural gas, post, 200km pipeline, storage 1000m;1.0;production;CHA;ecoinvent_cutoff_3.9_remind_SSP2-PkBudg500_2030
7b3cfe3e500348bda634d9d4155fbf44;carbon dioxide, captured from natural gas, post, 200km pipeline, storage 1000m;CHA;carbon dioxide, captured from natural gas, post, 200km pipeline, storage 1000m;;[];carbon dioxide storage from natural gas, post, 200km pipeline, storage 1000m;-1.0;kilogram;carbon dioxide storage from natural gas, post, 200km pipeline, storage 1000m;;technosphere;CHA;ecoinvent_cutoff_3.9_remind_SSP2-PkBudg500_2030
7bc62d2813bc45f99f0e1209aa0e68de;steel production, converter, unalloyed;JPN;steel, unalloyed;;[('ISIC rev.4 ecoinvent', '2410:Manufacture of basic iron and steel'), ('CPC', '41121: Non-alloy steel in ingots or other primary forms, and semi-finished products of non-alloy steel')];carbon dioxide, captured at steel production plant, with underground storage, post, 200 km;-0.01767086302227023;kilogram;carbon dioxide, captured and stored;0.0;technosphere;JPN;ecoinvent_cutoff_3.9_remind_SSP2-PkBudg500_2030
7bc658bb46c7466c8d9955deafc1126b;carbon dioxide, captured from lignite, oxy, pipeline 200km, storage 1000m;REF;carbon dioxide, captured from lignite, oxy, pipeline 200km, storage 1000m;;[];carbon dioxide, captured from lignite, oxy, pipeline 200km, storage 1000m;-1.0;kilogram;carbon dioxide, captured from lignite, oxy, pipeline 200km, storage 1000m;1.0;production;REF;ecoinvent_cutoff_3.9_remind_SSP2-PkBudg500_2030
7bc658bb46c7466c8d9955deafc1126b;carbon dioxide, captured from lignite, oxy, pipeline 200km, storage 1000m;REF;carbon dioxide, captured from lignite, oxy, pipeline 200km, storage 1000m;;[];carbon dioxide storage from lignite, oxy, pipeline 200km, storage 1000m;-1.0;kilogram;carbon dioxide storage from lignite, oxy, pipeline 200km, storage 1000m;;technosphere;REF;ecoinvent_cutoff_3.9_remind_SSP2-PkBudg500_2030
7bf36c34d3b34548b782ab2354610e0c;methanol synthesis, hydrogen from electrolysis, CO2 from DAC;SSA;methanol, unpurified;;[];carbon dioxide, captured from atmosphere, with a solvent-based direct air capture system, 1MtCO2, with heat pump heat, and grid electricity;-1.6904231625835189;kilogram;carbon dioxide, captured from atmosphere;;technosphere;SSA;ecoinvent_cutoff_3.9_remind_SSP2-PkBudg500_2030
7ca910d87038487593902d7c441068d6;carbon dioxide storage from hard coal, pre, pipeline 200km, storage 1000m;MEA;carbon dioxide storage from hard coal, pre, pipeline 200km, storage 1000m;;[];carbon dioxide storage from hard coal, pre, pipeline 200km, storage 1000m;-1.0;kilogram;carbon dioxide storage from hard coal, pre, pipeline 200km, storage 1000m;1.0;production;MEA;ecoinvent_cutoff_3.9_remind_SSP2-PkBudg500_2030
7cade06773664e9e9bb81b3854fc0a5c;methane, from electrochemical methanation, with carbon from atmosphere, using waste heat;LAM;methane, from electrochemical methanation;;[];carbon dioxide, captured from atmosphere, with a sorbent-based direct air capture system, 100ktCO2, with waste heat, and grid electricity;-2.750348675034868;kilogram;carbon dioxide, captured from atmosphere;;technosphere;LAM;ecoinvent_cutoff_3.9_remind_SSP2-PkBudg500_2030
7d03dc6425fc40f4bd6e23b71eb15d18;carbon dioxide storage at synthetic natural gas plant, post, 200km pipeline, storage 1000m;REF;carbon dioxide storage at synthetic natural gas plant, post, 200km pipeline, storage 1000m;;[];carbon dioxide storage at synthetic natural gas plant, post, 200km pipeline, storage 1000m;-1.0;kilogram;carbon dioxide storage at synthetic natural gas plant, post, 200km pipeline, storage 1000m;1.0;production;REF;ecoinvent_cutoff_3.9_remind_SSP2-PkBudg500_2030
7d32ea2f72f6491791de553d83fa70cb;carbon dioxide storage from natural gas, post, 200km pipeline, storage 1000m;LAM;carbon dioxide storage from natural gas, post, 200km pipeline, storage 1000m;;[];carbon dioxide storage from natural gas, post, 200km pipeline, storage 1000m;-1.0;kilogram;carbon dioxide storage from natural gas, post, 200km pipeline, storage 1000m;1.0;production;LAM;ecoinvent_cutoff_3.9_remind_SSP2-PkBudg500_2030
7da28ceb5401430186a7f385d3bcb7af;carbon dioxide, captured from hard coal-fired power plant, pre, pipeline 200km, storage 1000m;MEA;carbon dioxide, captured from hard coal-fired power plant, pre, pipeline 200km, storage 1000m;;[];carbon dioxide, captured from hard coal-fired power plant, pre, pipeline 200km, storage 1000m;-1.0;kilogram;carbon dioxide, captured from hard coal-fired power plant, pre, pipeline 200km, storage 1000m;1.0;production;MEA;ecoinvent_cutoff_3.9_remind_SSP2-PkBudg500_2030
7da28ceb5401430186a7f385d3bcb7af;carbon dioxide, captured from hard coal-fired power plant, pre, pipeline 200km, storage 1000m;MEA;carbon dioxide, captured from hard coal-fired power plant, pre, pipeline 200km, storage 1000m;;[];carbon dioxide storage from hard coal, pre, pipeline 200km, storage 1000m;-1.0;kilogram;carbon dioxide storage from hard coal, pre, pipeline 200km, storage 1000m;;technosphere;MEA;ecoinvent_cutoff_3.9_remind_SSP2-PkBudg500_2030
7dd6a4aad344470fabb423b4cb086327;carbon dioxide storage from natural gas, pre, 400km pipeline, storage 3000m;World;carbon dioxide storage from natural gas, pre, 400km pipeline, storage 3000m;;[];carbon dioxide storage from natural gas, pre, 400km pipeline, storage 3000m;-1.0;kilogram;carbon dioxide storage from natural gas, pre, 400km pipeline, storage 3000m;1.0;production;World;ecoinvent_cutoff_3.9_remind_SSP2-PkBudg500_2030
7de5a8ca96b346b7871f366a9e56b2fb;electricity production, at hard coal-fired power plant, post, pipeline 200km, storage 1000m;MEA;electricity, high voltage;;[];carbon dioxide, captured from hard coal-fired power plant, post, pipeline 200km, storage 1000m;-0.9072000000000003;kilogram;carbon dioxide, captured from hard coal-fired power plant, post, pipeline 200km, storage 1000m;;technosphere;MEA;ecoinvent_cutoff_3.9_remind_SSP2-PkBudg500_2030
7dead7c4d4614f15ab98333f9cfdb36d;carbon dioxide storage from hard coal, post, pipeline 200km, storage 1000m;CAZ;carbon dioxide storage from hard coal, post, pipeline 200km, storage 1000m;;[];carbon dioxide storage from hard coal, post, pipeline 200km, storage 1000m;-1.0;kilogram;carbon dioxide storage from hard coal, post, pipeline 200km, storage 1000m;1.0;production;CAZ;ecoinvent_cutoff_3.9_remind_SSP2-PkBudg500_2030
7e616440b0324f3e8b3c0ee1f2322d76;carbon dioxide storage from hard coal, oxy, pipeline 200km, storage 1000m;MEA;carbon dioxide storage from hard coal, oxy, pipeline 200km, storage 1000m;;[];carbon dioxide storage from hard coal, oxy, pipeline 200km, storage 1000m;-1.0;kilogram;carbon dioxide storage from hard coal, oxy, pipeline 200km, storage 1000m;1.0;production;MEA;ecoinvent_cutoff_3.9_remind_SSP2-PkBudg500_2030
7e6c91e2104341c9ad99fbdeaba4dff3;methane, from electrochemical methanation, with carbon from atmosphere, using waste heat;EUR;methane, from electrochemical methanation;;[];carbon dioxide, captured from atmosphere, with a sorbent-based direct air capture system, 100ktCO2, with waste heat, and grid electricity;-2.750348675034868;kilogram;carbon dioxide, captured from atmosphere;;technosphere;EUR;ecoinvent_cutoff_3.9_remind_SSP2-PkBudg500_2030
7e875b60faac4c5588c89a5b10cf742f;carbon dioxide, captured from atmosphere, with a sorbent-based direct air capture system, 100ktCO2, with waste heat, and grid electricity;World;carbon dioxide, captured from atmosphere;;[];carbon dioxide, captured from atmosphere, with a sorbent-based direct air capture system, 100ktCO2, with waste heat, and grid electricity;-1.0;kilogram;carbon dioxide, captured from atmosphere;1.0;production;World;ecoinvent_cutoff_3.9_remind_SSP2-PkBudg500_2030
7e98ae4cccc54fcdaa26d77c829af401;electricity production, at hard coal-fired power plant, oxy, pipeline 200km, storage 1000m;EUR;electricity, high voltage;;[];carbon dioxide, captured from hard coal-fired power plant, oxy, pipeline 200km, storage 1000m;-0.9576000000000001;kilogram;carbon dioxide, captured from hard coal-fired power plant, oxy, pipeline 200km, storage 1000m;;technosphere;EUR;ecoinvent_cutoff_3.9_remind_SSP2-PkBudg500_2030
7ea99e807495400487a5820cea7ee0f3;carbon dioxide, captured from lignite, post, pipeline 200km, storage 1000m;SSA;carbon dioxide, captured from lignite, post, pipeline 200km, storage 1000m;;[];carbon dioxide, captured from lignite, post, pipeline 200km, storage 1000m;-1.0;kilogram;carbon dioxide, captured from lignite, post, pipeline 200km, storage 1000m;1.0;production;SSA;ecoinvent_cutoff_3.9_remind_SSP2-PkBudg500_2030
7ea99e807495400487a5820cea7ee0f3;carbon dioxide, captured from lignite, post, pipeline 200km, storage 1000m;SSA;carbon dioxide, captured from lignite, post, pipeline 200km, storage 1000m;;[];carbon dioxide storage from lignite, post, pipeline 200km, storage 1000m;-1.0;kilogram;carbon dioxide storage from lignite, post, pipeline 200km, storage 1000m;;technosphere;SSA;ecoinvent_cutoff_3.9_remind_SSP2-PkBudg500_2030
7eb3c7e6b784414089a6d168354cfb94;carbon dioxide storage from natural gas, pre, 400km pipeline, storage 3000m;NEU;carbon dioxide storage from natural gas, pre, 400km pipeline, storage 3000m;;[];carbon dioxide storage from natural gas, pre, 400km pipeline, storage 3000m;-1.0;kilogram;carbon dioxide storage from natural gas, pre, 400km pipeline, storage 3000m;1.0;production;NEU;ecoinvent_cutoff_3.9_remind_SSP2-PkBudg500_2030
7f199a2d14bb4dc889a0ee5229271123;carbon dioxide storage from hard coal, oxy, pipeline 200km, storage 1000m;SSA;carbon dioxide storage from hard coal, oxy, pipeline 200km, storage 1000m;;[];carbon dioxide storage from hard coal, oxy, pipeline 200km, storage 1000m;-1.0;kilogram;carbon dioxide storage from hard coal, oxy, pipeline 200km, storage 1000m;1.0;production;SSA;ecoinvent_cutoff_3.9_remind_SSP2-PkBudg500_2030
7f498b912de0469caa4ec0ab0e688749;carbon dioxide storage from natural gas, pre, 400km pipeline, storage 3000m;LAM;carbon dioxide storage from natural gas, pre, 400km pipeline, storage 3000m;;[];carbon dioxide storage from natural gas, pre, 400km pipeline, storage 3000m;-1.0;kilogram;carbon dioxide storage from natural gas, pre, 400km pipeline, storage 3000m;1.0;production;LAM;ecoinvent_cutoff_3.9_remind_SSP2-PkBudg500_2030
7f626f8af2d9431c96153795acc9b3d9;ethanol production, via fermentation, from sugarcane, with carbon capture and storage, system expansion;US;ethanol, from sugarcane;;[];carbon dioxide storage at wood burning power plant 20 MW post, pipeline 200km, storage 1000m;-6.527313648442459;kilogram;carbon dioxide storage at wood burning power plant 20 MW post, pipeline 200km, storage 1000m;;technosphere;USA;ecoinvent_cutoff_3.9_remind_SSP2-PkBudg500_2030
7fa1a156ec884f739a32adbd6ff45a42;carbon dioxide, captured from atmosphere and stored, with a sorbent-based direct air capture system, 100ktCO2, with industrial steam heat, and grid electricity;SSA;carbon dioxide, captured from atmosphere;;[];carbon dioxide, captured from atmosphere and stored, with a sorbent-based direct air capture system, 100ktCO2, with industrial steam heat, and grid electricity;-1.0;kilogram;carbon dioxide, captured from atmosphere;1.0;production;SSA;ecoinvent_cutoff_3.9_remind_SSP2-PkBudg500_2030
7fe4a802a15249a39c047e2206836d8a;carbon dioxide, captured from natural gas, pre, 200km pipeline, storage 1000m;USA;carbon dioxide, captured from natural gas, pre, 200km pipeline, storage 1000m;;[];carbon dioxide, captured from natural gas, pre, 200km pipeline, storage 1000m;-1.0;kilogram;carbon dioxide, captured from natural gas, pre, 200km pipeline, storage 1000m;1.0;production;USA;ecoinvent_cutoff_3.9_remind_SSP2-PkBudg500_2030
7fe4a802a15249a39c047e2206836d8a;carbon dioxide, captured from natural gas, pre, 200km pipeline, storage 1000m;USA;carbon dioxide, captured from natural gas, pre, 200km pipeline, storage 1000m;;[];carbon dioxide storage from natural gas, pre, 200km pipeline, storage 1000m;-1.0;kilogram;carbon dioxide storage from natural gas, pre, 200km pipeline, storage 1000m;;technosphere;USA;ecoinvent_cutoff_3.9_remind_SSP2-PkBudg500_2030
7fe7e6eaa12a4ac0a4c07a023fe0740e;hydrogen production, gaseous, 30 bar, from hard coal gasification and reforming, with CCS, at coal gasification plant;SSA;hydrogen, gaseous, 30 bar;;[];carbon dioxide, captured at hydrogen production plant, pre, pipeline 400km, storage 3000m;-15.29;kilogram;carbon dioxide, captured at hydrogen production plant, pre, pipeline 400km, storage 3000m;;technosphere;RER;ecoinvent_cutoff_3.9_remind_SSP2-PkBudg500_2030
8041e121e5454cc9b7c557e2f235f15f;carbon dioxide storage at wood burning power plant 20 MW post, pipeline 200km, storage 1000m;USA;carbon dioxide storage at wood burning power plant 20 MW post, pipeline 200km, storage 1000m;;[];carbon dioxide storage at wood burning power plant 20 MW post, pipeline 200km, storage 1000m;-1.0;kilogram;carbon dioxide storage at wood burning power plant 20 MW post, pipeline 200km, storage 1000m;1.0;production;USA;ecoinvent_cutoff_3.9_remind_SSP2-PkBudg500_2030
8064e14bf6c446109526cf162ee1ba66;carbon dioxide, captured from atmosphere and stored, with a sorbent-based direct air capture system, 100ktCO2, with waste heat, and grid electricity;IND;carbon dioxide, captured from atmosphere;;[];carbon dioxide, captured from atmosphere and stored, with a sorbent-based direct air capture system, 100ktCO2, with waste heat, and grid electricity;-1.0;kilogram;carbon dioxide, captured from atmosphere;1.0;production;IND;ecoinvent_cutoff_3.9_remind_SSP2-PkBudg500_2030
80c2f830feb04836bc2454f29541a4cd;ethanol production, via fermentation, from corn, with carbon capture and storage, energy allocation;SSA;ethanol, from corn;;[];carbon dioxide storage at wood burning power plant 20 MW post, pipeline 200km, storage 1000m;-1.1946233679702067;kilogram;carbon dioxide storage at wood burning power plant 20 MW post, pipeline 200km, storage 1000m;;technosphere;SSA;ecoinvent_cutoff_3.9_remind_SSP2-PkBudg500_2030
80c821a6a864443f9422540879d04fe2;carbon dioxide, captured from hard coal-fired power plant, oxy, pipeline 200km, storage 1000m;EUR;carbon dioxide, captured from hard coal-fired power plant, oxy, pipeline 200km, storage 1000m;;[];carbon dioxide, captured from hard coal-fired power plant, oxy, pipeline 200km, storage 1000m;-1.0;kilogram;carbon dioxide, captured from hard coal-fired power plant, oxy, pipeline 200km, storage 1000m;1.0;production;EUR;ecoinvent_cutoff_3.9_remind_SSP2-PkBudg500_2030
80c821a6a864443f9422540879d04fe2;carbon dioxide, captured from hard coal-fired power plant, oxy, pipeline 200km, storage 1000m;EUR;carbon dioxide, captured from hard coal-fired power plant, oxy, pipeline 200km, storage 1000m;;[];carbon dioxide storage from hard coal, oxy, pipeline 200km, storage 1000m;-1.0;kilogram;carbon dioxide storage from hard coal, oxy, pipeline 200km, storage 1000m;;technosphere;EUR;ecoinvent_cutoff_3.9_remind_SSP2-PkBudg500_2030
80e8d75ac47e4515a32fd8eddf2b3fce;methanol synthesis, hydrogen from electrolysis, CO2 from DAC;CAZ;methanol, unpurified;;[];carbon dioxide, captured from atmosphere, with a solvent-based direct air capture system, 1MtCO2, with heat pump heat, and grid electricity;-1.6904231625835189;kilogram;carbon dioxide, captured from atmosphere;;technosphere;CAZ;ecoinvent_cutoff_3.9_remind_SSP2-PkBudg500_2030
80e9b1200c754cf1b0d1dfae4b032b85;carbon dioxide storage from natural gas, pre, 200km pipeline, storage 1000m;LAM;carbon dioxide storage from natural gas, pre, 200km pipeline, storage 1000m;;[];carbon dioxide storage from natural gas, pre, 200km pipeline, storage 1000m;-1.0;kilogram;carbon dioxide storage from natural gas, pre, 200km pipeline, storage 1000m;1.0;production;LAM;ecoinvent_cutoff_3.9_remind_SSP2-PkBudg500_2030
8126ec397c6241049d30e318ca5f5c0a;electricity production, at hard coal-fired power plant, post, pipeline 200km, storage 1000m;CAZ;electricity, high voltage;;[];carbon dioxide, captured from hard coal-fired power plant, post, pipeline 200km, storage 1000m;-0.9072000000000003;kilogram;carbon dioxide, captured from hard coal-fired power plant, post, pipeline 200km, storage 1000m;;technosphere;CAZ;ecoinvent_cutoff_3.9_remind_SSP2-PkBudg500_2030
812d39849a7340c79e42f0206eacc548;carbon monoxide, from RWGS, for Fischer Tropsch process, hydrogen from electrolysis;EUR;carbon monoxide, from RWGS;;[];carbon dioxide, captured from atmosphere, with a solvent-based direct air capture system, 1MtCO2, with heat pump heat, and grid electricity;-1.57;kilogram;carbon dioxide, captured from atmosphere;;technosphere;EUR;ecoinvent_cutoff_3.9_remind_SSP2-PkBudg500_2030
8184bfe5a18549e5b596112d66d4824d;methane, from biological methanation, with carbon from atmosphere, using heat pump heat;USA;methane, from biological methanation;;[];carbon dioxide, captured from atmosphere, with a solvent-based direct air capture system, 1MtCO2, with heat pump heat, and grid electricity;-2.75;kilogram;carbon dioxide, captured from atmosphere;;technosphere;USA;ecoinvent_cutoff_3.9_remind_SSP2-PkBudg500_2030
81b1602726144d279933c1a4965a60d5;hydrogen production, gaseous, 25 bar, from gasification of woody biomass in entrained flow gasifier, with CCS, at gasification plant;REF;hydrogen, gaseous, 25 bar;;[];carbon dioxide, captured at hydrogen production plant, pre, pipeline 200km, storage 1000m;-19.58557;kilogram;carbon dioxide, captured at hydrogen production plant, pre, pipeline 200km, storage 1000m;;technosphere;RER;ecoinvent_cutoff_3.9_remind_SSP2-PkBudg500_2030
82937ade91194f07973ee6ffd6563e94;carbon dioxide storage from hard coal, pre, pipeline 200km, storage 1000m;CHA;carbon dioxide storage from hard coal, pre, pipeline 200km, storage 1000m;;[];carbon dioxide storage from hard coal, pre, pipeline 200km, storage 1000m;-1.0;kilogram;carbon dioxide storage from hard coal, pre, pipeline 200km, storage 1000m;1.0;production;CHA;ecoinvent_cutoff_3.9_remind_SSP2-PkBudg500_2030
82c6eb8ff3624f47811806840c708b1e;steel production, electric, low-alloyed;EUR;steel, low-alloyed;;[('ISIC rev.4 ecoinvent', '2410:Manufacture of basic iron and steel'), ('CPC', '41122: Alloy steel in ingots or other primary forms and semi-finished products of alloy steel')];carbon dioxide, captured at steel production plant, with underground storage, post, 200 km;-0.015989188354906182;kilogram;carbon dioxide, captured and stored;0.0;technosphere;EUR;ecoinvent_cutoff_3.9_remind_SSP2-PkBudg500_2030
82c80e8348c14d50a9fa55cd4aacdece;carbon dioxide, captured from atmosphere and stored, with a sorbent-based direct air capture system, 100ktCO2, with industrial steam heat, and grid electricity;REF;carbon dioxide, captured from atmosphere;;[];carbon dioxide, captured from atmosphere and stored, with a sorbent-based direct air capture system, 100ktCO2, with industrial steam heat, and grid electricity;-1.0;kilogram;carbon dioxide, captured from atmosphere;1.0;production;REF;ecoinvent_cutoff_3.9_remind_SSP2-PkBudg500_2030
82ec2e6f3cf74731a94a74834f03460d;electricity production, at hard coal-fired power plant, post, pipeline 200km, storage 1000m;CHA;electricity, high voltage;;[];carbon dioxide, captured from hard coal-fired power plant, post, pipeline 200km, storage 1000m;-0.9072000000000003;kilogram;carbon dioxide, captured from hard coal-fired power plant, post, pipeline 200km, storage 1000m;;technosphere;CHA;ecoinvent_cutoff_3.9_remind_SSP2-PkBudg500_2030
8308e391cc18484b9dc9d8ec777f3cae;carbon dioxide storage from hard coal, post, pipeline 400km, storage 3000m;CHA;carbon dioxide storage from hard coal, post, pipeline 400km, storage 3000m;;[];carbon dioxide storage from hard coal, post, pipeline 400km, storage 3000m;-1.0;kilogram;carbon dioxide storage from hard coal, post, pipeline 400km, storage 3000m;1.0;production;CHA;ecoinvent_cutoff_3.9_remind_SSP2-PkBudg500_2030
8314a571854c45828b0958c90356ab27;carbon dioxide, captured from atmosphere, with a solvent-based direct air capture system, 1MtCO2, with heat pump heat, and grid electricity;USA;carbon dioxide, captured from atmosphere;;[];carbon dioxide, captured from atmosphere, with a solvent-based direct air capture system, 1MtCO2, with heat pump heat, and grid electricity;-1.0;kilogram;carbon dioxide, captured from atmosphere;1.0;production;USA;ecoinvent_cutoff_3.9_remind_SSP2-PkBudg500_2030
8393ac99f8f84504a489d96c204b71f7;steel production, converter, low-alloyed;World;steel, low-alloyed;;[('ISIC rev.4 ecoinvent', '2410:Manufacture of basic iron and steel'), ('CPC', '41122: Alloy steel in ingots or other primary forms and semi-finished products of alloy steel')];carbon dioxide, captured at steel production plant, with underground storage, post, 200 km;-0.013308036973421332;kilogram;carbon dioxide, captured and stored;0.0;technosphere;World;ecoinvent_cutoff_3.9_remind_SSP2-PkBudg500_2030
83a7654417c94ad2ad117994d62c8e2c;carbon dioxide, captured from atmosphere, with a sorbent-based direct air capture system, 100ktCO2, with heat pump heat, and grid electricity;CHA;carbon dioxide, captured from atmosphere;;[];carbon dioxide, captured from atmosphere, with a sorbent-based direct air capture system, 100ktCO2, with heat pump heat, and grid electricity;-1.0;kilogram;carbon dioxide, captured from atmosphere;1.0;production;CHA;ecoinvent_cutoff_3.9_remind_SSP2-PkBudg500_2030
83f334c9f3dd427abe7e67be739d6a11;electricity production, at hard coal-fired power plant, oxy, pipeline 200km, storage 1000m;OAS;electricity, high voltage;;[];carbon dioxide, captured from hard coal-fired power plant, oxy, pipeline 200km, storage 1000m;-0.9576000000000001;kilogram;carbon dioxide, captured from hard coal-fired power plant, oxy, pipeline 200km, storage 1000m;;technosphere;OAS;ecoinvent_cutoff_3.9_remind_SSP2-PkBudg500_2030
84504a4e01e54fb1811d82f8b2cbd3ae;carbon dioxide, captured from atmosphere and stored, with a solvent-based direct air capture system, 1MtCO2, with heat pump heat, and grid electricity;USA;carbon dioxide, captured from atmosphere;;[];carbon dioxide, captured from atmosphere and stored, with a solvent-based direct air capture system, 1MtCO2, with heat pump heat, and grid electricity;-1.0;kilogram;carbon dioxide, captured from atmosphere;1.0;production;USA;ecoinvent_cutoff_3.9_remind_SSP2-PkBudg500_2030
8464abeb9a1d4a24a10a2e1860784e46;carbon dioxide, captured from hard coal-fired power plant, oxy, pipeline 200km, storage 1000m;OAS;carbon dioxide, captured from hard coal-fired power plant, oxy, pipeline 200km, storage 1000m;;[];carbon dioxide, captured from hard coal-fired power plant, oxy, pipeline 200km, storage 1000m;-1.0;kilogram;carbon dioxide, captured from hard coal-fired power plant, oxy, pipeline 200km, storage 1000m;1.0;production;OAS;ecoinvent_cutoff_3.9_remind_SSP2-PkBudg500_2030
8464abeb9a1d4a24a10a2e1860784e46;carbon dioxide, captured from hard coal-fired power plant, oxy, pipeline 200km, storage 1000m;OAS;carbon dioxide, captured from hard coal-fired power plant, oxy, pipeline 200km, storage 1000m;;[];carbon dioxide storage from hard coal, oxy, pipeline 200km, storage 1000m;-1.0;kilogram;carbon dioxide storage from hard coal, oxy, pipeline 200km, storage 1000m;;technosphere;OAS;ecoinvent_cutoff_3.9_remind_SSP2-PkBudg500_2030
846ba2ce989b486d9ce70a4098998cc4;carbon dioxide storage from hard coal, oxy, pipeline 400km, storage 3000m;LAM;carbon dioxide storage from hard coal, oxy, pipeline 400km, storage 3000m;;[];carbon dioxide storage from hard coal, oxy, pipeline 400km, storage 3000m;-1.0;kilogram;carbon dioxide storage from hard coal, oxy, pipeline 400km, storage 3000m;1.0;production;LAM;ecoinvent_cutoff_3.9_remind_SSP2-PkBudg500_2030
848146a0172147ac8a821d162f4bb717;carbon dioxide, captured from atmosphere, with a sorbent-based direct air capture system, 100ktCO2, with heat pump heat, and grid electricity;World;carbon dioxide, captured from atmosphere;;[];carbon dioxide, captured from atmosphere, with a sorbent-based direct air capture system, 100ktCO2, with heat pump heat, and grid electricity;-1.0;kilogram;carbon dioxide, captured from atmosphere;1.0;production;World;ecoinvent_cutoff_3.9_remind_SSP2-PkBudg500_2030
84eb3520cf644b7aad44e0f7f6df03bd;carbon dioxide, captured from lignite, post, pipeline 200km, storage 1000m;EUR;carbon dioxide, captured from lignite, post, pipeline 200km, storage 1000m;;[];carbon dioxide, captured from lignite, post, pipeline 200km, storage 1000m;-1.0;kilogram;carbon dioxide, captured from lignite, post, pipeline 200km, storage 1000m;1.0;production;EUR;ecoinvent_cutoff_3.9_remind_SSP2-PkBudg500_2030
84eb3520cf644b7aad44e0f7f6df03bd;carbon dioxide, captured from lignite, post, pipeline 200km, storage 1000m;EUR;carbon dioxide, captured from lignite, post, pipeline 200km, storage 1000m;;[];carbon dioxide storage from lignite, post, pipeline 200km, storage 1000m;-1.0;kilogram;carbon dioxide storage from lignite, post, pipeline 200km, storage 1000m;;technosphere;EUR;ecoinvent_cutoff_3.9_remind_SSP2-PkBudg500_2030
84ee48fa1f91430a88a1d872e2bbbf9e;carbon dioxide storage at synthetic natural gas plant, post, 200km pipeline, storage 1000m;OAS;carbon dioxide storage at synthetic natural gas plant, post, 200km pipeline, storage 1000m;;[];carbon dioxide storage at synthetic natural gas plant, post, 200km pipeline, storage 1000m;-1.0;kilogram;carbon dioxide storage at synthetic natural gas plant, post, 200km pipeline, storage 1000m;1.0;production;OAS;ecoinvent_cutoff_3.9_remind_SSP2-PkBudg500_2030
84f3a0857b9448868f3699c8f61e9ddc;carbon dioxide storage from lignite, oxy, pipeline 200km, storage 1000m;CHA;carbon dioxide storage from lignite, oxy, pipeline 200km, storage 1000m;;[];carbon dioxide storage from lignite, oxy, pipeline 200km, storage 1000m;-1.0;kilogram;carbon dioxide storage from lignite, oxy, pipeline 200km, storage 1000m;1.0;production;CHA;ecoinvent_cutoff_3.9_remind_SSP2-PkBudg500_2030
855bc6c6ce774f53946393957c34d277;hydrogen production, steam methane reforming, from biomethane, high and low temperature, with CCS (MDEA, 98% eff.), 26 bar;CHA;hydrogen, gaseous, 26 bar;;[];carbon dioxide, captured at hydrogen production plant, pre, pipeline 200km, storage 1000m;-6.149690995325822;kilogram;carbon dioxide, captured at hydrogen production plant, pre, pipeline 200km, storage 1000m;;technosphere;RER;ecoinvent_cutoff_3.9_remind_SSP2-PkBudg500_2030
85bb7adefc424d49830e4009019e74b2;ethanol production, via fermentation, from poplar, with carbon capture and storage, energy allocation;REF;ethanol, from poplar;;[];carbon dioxide storage at wood burning power plant 20 MW post, pipeline 200km, storage 1000m;-4.074812712917694;kilogram;carbon dioxide storage at wood burning power plant 20 MW post, pipeline 200km, storage 1000m;;technosphere;REF;ecoinvent_cutoff_3.9_remind_SSP2-PkBudg500_2030
864b1e42fd094f66affc54dde0d5fea5;electricity production, at hard coal-fired power plant, ultra-super critical, oxy, pipeline 200km, storage 1000m;REF;electricity, high voltage;;[];carbon dioxide, captured from hard coal-fired power plant, oxy, pipeline 200km, storage 1000m;-0.8378999999996097;kilogram;carbon dioxide, captured from hard coal-fired power plant, oxy, pipeline 200km, storage 1000m;;technosphere;REF;ecoinvent_cutoff_3.9_remind_SSP2-PkBudg500_2030
880cfb370ada4ac8a2799233d5e4fb7c;carbon dioxide, captured from atmosphere and stored, with a solvent-based direct air capture system, 1MtCO2, with heat pump heat, and grid electricity;OAS;carbon dioxide, captured from atmosphere;;[];carbon dioxide, captured from atmosphere and stored, with a solvent-based direct air capture system, 1MtCO2, with heat pump heat, and grid electricity;-1.0;kilogram;carbon dioxide, captured from atmosphere;1.0;production;OAS;ecoinvent_cutoff_3.9_remind_SSP2-PkBudg500_2030
886252a21b2f47acb07948ddff533acc;carbon dioxide storage from hard coal, post, pipeline 200km, storage 1000m;NEU;carbon dioxide storage from hard coal, post, pipeline 200km, storage 1000m;;[];carbon dioxide storage from hard coal, post, pipeline 200km, storage 1000m;-1.0;kilogram;carbon dioxide storage from hard coal, post, pipeline 200km, storage 1000m;1.0;production;NEU;ecoinvent_cutoff_3.9_remind_SSP2-PkBudg500_2030
88fafb3d430b4a8c85fb027592ade9b6;carbon dioxide, captured from natural gas, pre, 200km pipeline, storage 1000m;LAM;carbon dioxide, captured from natural gas, pre, 200km pipeline, storage 1000m;;[];carbon dioxide, captured from natural gas, pre, 200km pipeline, storage 1000m;-1.0;kilogram;carbon dioxide, captured from natural gas, pre, 200km pipeline, storage 1000m;1.0;production;LAM;ecoinvent_cutoff_3.9_remind_SSP2-PkBudg500_2030
88fafb3d430b4a8c85fb027592ade9b6;carbon dioxide, captured from natural gas, pre, 200km pipeline, storage 1000m;LAM;carbon dioxide, captured from natural gas, pre, 200km pipeline, storage 1000m;;[];carbon dioxide storage from natural gas, pre, 200km pipeline, storage 1000m;-1.0;kilogram;carbon dioxide storage from natural gas, pre, 200km pipeline, storage 1000m;;technosphere;LAM;ecoinvent_cutoff_3.9_remind_SSP2-PkBudg500_2030
893aff3837c445998da684791abe6efa;ethanol production, via fermentation, from corn, with carbon capture and storage, energy allocation;LAM;ethanol, from corn;;[];carbon dioxide storage at wood burning power plant 20 MW post, pipeline 200km, storage 1000m;-1.1946233679702067;kilogram;carbon dioxide storage at wood burning power plant 20 MW post, pipeline 200km, storage 1000m;;technosphere;LAM;ecoinvent_cutoff_3.9_remind_SSP2-PkBudg500_2030
897ff75a1abc41039b20f33a8e4384ba;carbon dioxide, captured from atmosphere and stored, with a sorbent-based direct air capture system, 100ktCO2, with industrial steam heat, and grid electricity;NEU;carbon dioxide, captured from atmosphere;;[];carbon dioxide, captured from atmosphere and stored, with a sorbent-based direct air capture system, 100ktCO2, with industrial steam heat, and grid electricity;-1.0;kilogram;carbon dioxide, captured from atmosphere;1.0;production;NEU;ecoinvent_cutoff_3.9_remind_SSP2-PkBudg500_2030
89b05717ae4c4cec866756e292c59fef;carbon dioxide storage from natural gas, pre, 200km pipeline, storage 1000m;CAZ;carbon dioxide storage from natural gas, pre, 200km pipeline, storage 1000m;;[];carbon dioxide storage from natural gas, pre, 200km pipeline, storage 1000m;-1.0;kilogram;carbon dioxide storage from natural gas, pre, 200km pipeline, storage 1000m;1.0;production;CAZ;ecoinvent_cutoff_3.9_remind_SSP2-PkBudg500_2030
89e341e100ff4e2695470295565d2972;carbon dioxide, captured from atmosphere, with a sorbent-based direct air capture system, 100ktCO2, with industrial steam heat, and grid electricity;REF;carbon dioxide, captured from atmosphere;;[];carbon dioxide, captured from atmosphere, with a sorbent-based direct air capture system, 100ktCO2, with industrial steam heat, and grid electricity;-1.0;kilogram;carbon dioxide, captured from atmosphere;1.0;production;REF;ecoinvent_cutoff_3.9_remind_SSP2-PkBudg500_2030
89f38cc661dd488293babefb85ca75f2;carbon dioxide, captured from atmosphere, with a sorbent-based direct air capture system, 100ktCO2, with heat pump heat, and grid electricity;NEU;carbon dioxide, captured from atmosphere;;[];carbon dioxide, captured from atmosphere, with a sorbent-based direct air capture system, 100ktCO2, with heat pump heat, and grid electricity;-1.0;kilogram;carbon dioxide, captured from atmosphere;1.0;production;NEU;ecoinvent_cutoff_3.9_remind_SSP2-PkBudg500_2030
8a467f069d8c40d4a1a0fc8d1322a60e;methane, from biological methanation, with carbon from atmosphere, using waste heat;LAM;methane, from biological methanation;;[];carbon dioxide, captured from atmosphere, with a sorbent-based direct air capture system, 100ktCO2, with waste heat, and grid electricity;-2.75;kilogram;carbon dioxide, captured from atmosphere;;technosphere;LAM;ecoinvent_cutoff_3.9_remind_SSP2-PkBudg500_2030
8a7491de680948e5a2612e5a6e96585b;carbon dioxide, captured from natural gas, post, 200km pipeline, storage 1000m;CAZ;carbon dioxide, captured from natural gas, post, 200km pipeline, storage 1000m;;[];carbon dioxide, captured from natural gas, post, 200km pipeline, storage 1000m;-1.0;kilogram;carbon dioxide, captured from natural gas, post, 200km pipeline, storage 1000m;1.0;production;CAZ;ecoinvent_cutoff_3.9_remind_SSP2-PkBudg500_2030
8a7491de680948e5a2612e5a6e96585b;carbon dioxide, captured from natural gas, post, 200km pipeline, storage 1000m;CAZ;carbon dioxide, captured from natural gas, post, 200km pipeline, storage 1000m;;[];carbon dioxide storage from natural gas, post, 200km pipeline, storage 1000m;-1.0;kilogram;carbon dioxide storage from natural gas, post, 200km pipeline, storage 1000m;;technosphere;CAZ;ecoinvent_cutoff_3.9_remind_SSP2-PkBudg500_2030
8a88ec79a09e4d2595afeb2985480834;carbon dioxide, captured from natural gas, post, 400km pipeline, storage 1000m;RER;carbon dioxide, captured from natural gas, post, 400km pipeline, storage 1000m;;[];carbon dioxide, captured from natural gas, post, 400km pipeline, storage 1000m;-1.0;kilogram;carbon dioxide, captured from natural gas, post, 400km pipeline, storage 1000m;;production;RER;ecoinvent_cutoff_3.9_remind_SSP2-PkBudg500_2030
8a88ec79a09e4d2595afeb2985480834;carbon dioxide, captured from natural gas, post, 400km pipeline, storage 1000m;RER;carbon dioxide, captured from natural gas, post, 400km pipeline, storage 1000m;;[];carbon dioxide, captured from natural gas, post, 400km pipeline, storage 1000m;-1.0;kilogram;carbon dioxide, captured from natural gas, post, 400km pipeline, storage 1000m;;technosphere;EUR;ecoinvent_cutoff_3.9_remind_SSP2-PkBudg500_2030
8b5a8d09b8a843bb9ef29aaef2c5b6eb;steel production, electric, chromium steel 18/8;LAM;steel, chromium steel 18/8;;[('ISIC rev.4 ecoinvent', '2410:Manufacture of basic iron and steel'), ('CPC', '41122: Alloy steel in ingots or other primary forms and semi-finished products of alloy steel')];carbon dioxide, captured at steel production plant, with underground storage, post, 200 km;-0.014613438501778871;kilogram;carbon dioxide, captured and stored;0.0;technosphere;LAM;ecoinvent_cutoff_3.9_remind_SSP2-PkBudg500_2030
8b5bdbab349a4146ae70a44e52f81b7f;carbon dioxide, captured from lignite, pre, pipeline 200km, storage 1000m;RER;carbon dioxide, captured from lignite, pre, pipeline 200km, storage 1000m;;[];carbon dioxide, captured from lignite, pre, pipeline 200km, storage 1000m;-1.0;kilogram;carbon dioxide, captured from lignite, pre, pipeline 200km, storage 1000m;;production;RER;ecoinvent_cutoff_3.9_remind_SSP2-PkBudg500_2030
8b5bdbab349a4146ae70a44e52f81b7f;carbon dioxide, captured from lignite, pre, pipeline 200km, storage 1000m;RER;carbon dioxide, captured from lignite, pre, pipeline 200km, storage 1000m;;[];carbon dioxide, captured from lignite, pre, pipeline 200km, storage 1000m;-1.0;kilogram;carbon dioxide, captured from lignite, pre, pipeline 200km, storage 1000m;;technosphere;EUR;ecoinvent_cutoff_3.9_remind_SSP2-PkBudg500_2030
8b6c8aceb9d6428eadf54d646d3b4e09;carbon dioxide storage from natural gas, post, 400km pipeline, storage 3000m;LAM;carbon dioxide storage from natural gas, post, 400km pipeline, storage 3000m;;[];carbon dioxide storage from natural gas, post, 400km pipeline, storage 3000m;-1.0;kilogram;carbon dioxide storage from natural gas, post, 400km pipeline, storage 3000m;1.0;production;LAM;ecoinvent_cutoff_3.9_remind_SSP2-PkBudg500_2030
8b6ed2603aff4f33839b3c153df7d883;carbon dioxide storage from lignite, pre, pipeline 200km, storage 1000m;USA;carbon dioxide storage from lignite, pre, pipeline 200km, storage 1000m;;[];carbon dioxide storage from lignite, pre, pipeline 200km, storage 1000m;-1.0;kilogram;carbon dioxide storage from lignite, pre, pipeline 200km, storage 1000m;1.0;production;USA;ecoinvent_cutoff_3.9_remind_SSP2-PkBudg500_2030
8b80961ac13a4b4d91bee25549c0d15b;carbon dioxide storage at hydrogen production plant, pre, pipeline 200km, storage 1000m;REF;carbon dioxide storage at hydrogen production plant, pre, pipeline 200km, storage 1000m;;[];carbon dioxide storage at hydrogen production plant, pre, pipeline 200km, storage 1000m;-1.0;kilogram;carbon dioxide storage at hydrogen production plant, pre, pipeline 200km, storage 1000m;1.0;production;REF;ecoinvent_cutoff_3.9_remind_SSP2-PkBudg500_2030
8b8b073bc79641299977e4677da2ff9b;electricity production, at biomass-fired IGCC power plant, pre, pipeline 200km, storage 1000m;IND;electricity, high voltage;;[];carbon dioxide, captured at wood burning power plant 20 MW post, pipeline 200km, storage 1000m;-0.9143419354838712;kilogram;carbon dioxide, captured at wood burning power plant 20 MW post, pipeline 200km, storage 1000m;;technosphere;IND;ecoinvent_cutoff_3.9_remind_SSP2-PkBudg500_2030
8bbc3a87fa1e44d9af5b9ecfe3857435;ethanol production, via fermentation, from sugarcane, with carbon capture and storage, energy allocation;IND;ethanol, from sugarcane;;[];carbon dioxide storage at wood burning power plant 20 MW post, pipeline 200km, storage 1000m;-5.189136525067595;kilogram;carbon dioxide storage at wood burning power plant 20 MW post, pipeline 200km, storage 1000m;;technosphere;IND;ecoinvent_cutoff_3.9_remind_SSP2-PkBudg500_2030
8bdb712133da4d63b312cf7b45d71a13;carbon dioxide, captured from atmosphere, with a sorbent-based direct air capture system, 100ktCO2, with waste heat, and grid electricity;SSA;carbon dioxide, captured from atmosphere;;[];carbon dioxide, captured from atmosphere, with a sorbent-based direct air capture system, 100ktCO2, with waste heat, and grid electricity;-1.0;kilogram;carbon dioxide, captured from atmosphere;1.0;production;SSA;ecoinvent_cutoff_3.9_remind_SSP2-PkBudg500_2030
8bf241664770437f8d394736c59a1b35;carbon dioxide storage from lignite, post, pipeline 200km, storage 1000m;RER;carbon dioxide storage from lignite, post, pipeline 200km, storage 1000m;;[];carbon dioxide storage from lignite, post, pipeline 200km, storage 1000m;-1.0;kilogram;carbon dioxide storage from lignite, post, pipeline 200km, storage 1000m;;production;RER;ecoinvent_cutoff_3.9_remind_SSP2-PkBudg500_2030
8bf241664770437f8d394736c59a1b35;carbon dioxide storage from lignite, post, pipeline 200km, storage 1000m;RER;carbon dioxide storage from lignite, post, pipeline 200km, storage 1000m;;[];carbon dioxide storage from lignite, post, pipeline 200km, storage 1000m;-1.0;kilogram;carbon dioxide storage from lignite, post, pipeline 200km, storage 1000m;;technosphere;EUR;ecoinvent_cutoff_3.9_remind_SSP2-PkBudg500_2030
8c39e216518745958e9fcdb24312301b;electricity production, at lignite-fired power plant, oxy, pipeline 200km, storage 1000m;SSA;electricity, high voltage;;[];carbon dioxide, captured from lignite, oxy, pipeline 200km, storage 1000m;-1.1237142857142859;kilogram;carbon dioxide, captured from lignite, oxy, pipeline 200km, storage 1000m;;technosphere;SSA;ecoinvent_cutoff_3.9_remind_SSP2-PkBudg500_2030
8c6ad556d5cf4af5965c3c02964c90c4;methane, from biological methanation, with carbon from atmosphere, using heat pump heat;SSA;methane, from biological methanation;;[];carbon dioxide, captured from atmosphere, with a solvent-based direct air capture system, 1MtCO2, with heat pump heat, and grid electricity;-2.75;kilogram;carbon dioxide, captured from atmosphere;;technosphere;SSA;ecoinvent_cutoff_3.9_remind_SSP2-PkBudg500_2030
8c742a8d25ea493b95916faff4cf1f08;steel production, converter, unalloyed;USA;steel, unalloyed;;[('ISIC rev.4 ecoinvent', '2410:Manufacture of basic iron and steel'), ('CPC', '41121: Non-alloy steel in ingots or other primary forms, and semi-finished products of non-alloy steel')];carbon dioxide, captured at steel production plant, with underground storage, post, 200 km;-0.02075220867498693;kilogram;carbon dioxide, captured and stored;0.0;technosphere;USA;ecoinvent_cutoff_3.9_remind_SSP2-PkBudg500_2030
8c81d50e1ae04c30b50aa283fca3c1b9;carbon dioxide, captured from atmosphere and stored, with a sorbent-based direct air capture system, 100ktCO2, with heat pump heat, and grid electricity;CAZ;carbon dioxide, captured from atmosphere;;[];carbon dioxide, captured from atmosphere and stored, with a sorbent-based direct air capture system, 100ktCO2, with heat pump heat, and grid electricity;-1.0;kilogram;carbon dioxide, captured from atmosphere;1.0;production;CAZ;ecoinvent_cutoff_3.9_remind_SSP2-PkBudg500_2030
8e114ef7f4c64377a03c56b63ade6e36;carbon dioxide, captured from hard coal-fired power plant, post, pipeline 200km, storage 1000m;CHA;carbon dioxide, captured from hard coal-fired power plant, post, pipeline 200km, storage 1000m;;[];carbon dioxide, captured from hard coal-fired power plant, post, pipeline 200km, storage 1000m;-1.0;kilogram;carbon dioxide, captured from hard coal-fired power plant, post, pipeline 200km, storage 1000m;1.0;production;CHA;ecoinvent_cutoff_3.9_remind_SSP2-PkBudg500_2030
8e114ef7f4c64377a03c56b63ade6e36;carbon dioxide, captured from hard coal-fired power plant, post, pipeline 200km, storage 1000m;CHA;carbon dioxide, captured from hard coal-fired power plant, post, pipeline 200km, storage 1000m;;[];carbon dioxide storage from hard coal, post, pipeline 200km, storage 1000m;-1.0;kilogram;carbon dioxide storage from hard coal, post, pipeline 200km, storage 1000m;;technosphere;CHA;ecoinvent_cutoff_3.9_remind_SSP2-PkBudg500_2030
8e6316549327427cb9b76bfb7f2dd7c5;carbon dioxide, captured at steel production plant, with underground storage, post, 200 km;EUR;carbon dioxide, captured and stored;;[];carbon dioxide, captured at steel production plant, with underground storage, post, 200 km;-1.0;kilogram;carbon dioxide, captured and stored;;production;EUR;ecoinvent_cutoff_3.9_remind_SSP2-PkBudg500_2030
8e6316549327427cb9b76bfb7f2dd7c5;carbon dioxide, captured at steel production plant, with underground storage, post, 200 km;EUR;carbon dioxide, captured and stored;;[];carbon dioxide storage from hard coal, post, pipeline 200km, storage 1000m;-1.0;kilogram;carbon dioxide storage from hard coal, post, pipeline 200km, storage 1000m;;technosphere;EUR;ecoinvent_cutoff_3.9_remind_SSP2-PkBudg500_2030
8f523b404c044ed29f6a4edf887f7c37;carbon dioxide, captured from atmosphere and stored, with a solvent-based direct air capture system, 1MtCO2, with industrial steam heat, and grid electricity;REF;carbon dioxide, captured from atmosphere;;[];carbon dioxide, captured from atmosphere and stored, with a solvent-based direct air capture system, 1MtCO2, with industrial steam heat, and grid electricity;-1.0;kilogram;carbon dioxide, captured from atmosphere;1.0;production;REF;ecoinvent_cutoff_3.9_remind_SSP2-PkBudg500_2030
8f67bbfded90404a98f0ac43192d06c2;carbon dioxide storage from hard coal, post, pipeline 200km, storage 1000m;SSA;carbon dioxide storage from hard coal, post, pipeline 200km, storage 1000m;;[];carbon dioxide storage from hard coal, post, pipeline 200km, storage 1000m;-1.0;kilogram;carbon dioxide storage from hard coal, post, pipeline 200km, storage 1000m;1.0;production;SSA;ecoinvent_cutoff_3.9_remind_SSP2-PkBudg500_2030
8f6b465aac1a4d2bada414983e15a6e0;carbon dioxide storage from hard coal, post, pipeline 400km, storage 1000m;RER;carbon dioxide storage from hard coal, post, pipeline 400km, storage 1000m;;[];carbon dioxide storage from hard coal, post, pipeline 400km, storage 1000m;-1.0;kilogram;carbon dioxide storage from hard coal, post, pipeline 400km, storage 1000m;;production;RER;ecoinvent_cutoff_3.9_remind_SSP2-PkBudg500_2030
8f6b465aac1a4d2bada414983e15a6e0;carbon dioxide storage from hard coal, post, pipeline 400km, storage 1000m;RER;carbon dioxide storage from hard coal, post, pipeline 400km, storage 1000m;;[];carbon dioxide storage from hard coal, post, pipeline 400km, storage 1000m;-1.0;kilogram;carbon dioxide storage from hard coal, post, pipeline 400km, storage 1000m;;technosphere;EUR;ecoinvent_cutoff_3.9_remind_SSP2-PkBudg500_2030
8f7b2bcd9dad44248f612c058924fcb4;electricity production, at lignite-fired IGCC power plant, pre, pipeline 200km, storage 1000m;LAM;electricity, high voltage;;[];carbon dioxide, captured from lignite, pre, pipeline 200km, storage 1000m;-0.9356194322091039;kilogram;carbon dioxide, captured from lignite, pre, pipeline 200km, storage 1000m;;technosphere;LAM;ecoinvent_cutoff_3.9_remind_SSP2-PkBudg500_2030
8f9d247086524f109a6d28d786edacdd;carbon dioxide storage from hard coal, pre, pipeline 200km, storage 1000m;EUR;carbon dioxide storage from hard coal, pre, pipeline 200km, storage 1000m;;[];carbon dioxide storage from hard coal, pre, pipeline 200km, storage 1000m;-1.0;kilogram;carbon dioxide storage from hard coal, pre, pipeline 200km, storage 1000m;1.0;production;EUR;ecoinvent_cutoff_3.9_remind_SSP2-PkBudg500_2030
90986fd58bd74e3fba4f748bc7a0405e;carbon dioxide storage from lignite, oxy, pipeline 400km, storage 3000m;USA;carbon dioxide storage from lignite, oxy, pipeline 400km, storage 3000m;;[];carbon dioxide storage from lignite, oxy, pipeline 400km, storage 3000m;-1.0;kilogram;carbon dioxide storage from lignite, oxy, pipeline 400km, storage 3000m;1.0;production;USA;ecoinvent_cutoff_3.9_remind_SSP2-PkBudg500_2030
90bb15fd3fc5479784242fb227b58d7d;carbon dioxide storage from lignite, oxy, pipeline 200km, storage 1000m;USA;carbon dioxide storage from lignite, oxy, pipeline 200km, storage 1000m;;[];carbon dioxide storage from lignite, oxy, pipeline 200km, storage 1000m;-1.0;kilogram;carbon dioxide storage from lignite, oxy, pipeline 200km, storage 1000m;1.0;production;USA;ecoinvent_cutoff_3.9_remind_SSP2-PkBudg500_2030
90e06f46d74e4c60b2e648647056bd0d;carbon dioxide storage from hard coal, post, pipeline 400km, storage 1000m;MEA;carbon dioxide storage from hard coal, post, pipeline 400km, storage 1000m;;[];carbon dioxide storage from hard coal, post, pipeline 400km, storage 1000m;-1.0;kilogram;carbon dioxide storage from hard coal, post, pipeline 400km, storage 1000m;1.0;production;MEA;ecoinvent_cutoff_3.9_remind_SSP2-PkBudg500_2030
90f6a4ed92514d6083a9ba31c632d4a3;carbon dioxide storage from hard coal, pre, pipeline 400km, storage 3000m;JPN;carbon dioxide storage from hard coal, pre, pipeline 400km, storage 3000m;;[];carbon dioxide storage from hard coal, pre, pipeline 400km, storage 3000m;-1.0;kilogram;carbon dioxide storage from hard coal, pre, pipeline 400km, storage 3000m;1.0;production;JPN;ecoinvent_cutoff_3.9_remind_SSP2-PkBudg500_2030
91561385c50047ad8524da257dc49aed;electricity production, at natural gas-fired combined cycle power plant, post, pipeline 200km, storage 1000m;LAM;electricity, high voltage;;[];carbon dioxide, captured from natural gas, post, 200km pipeline, storage 1000m;-0.32917829608435695;kilogram;carbon dioxide, captured from natural gas, post, 200km pipeline, storage 1000m;;technosphere;LAM;ecoinvent_cutoff_3.9_remind_SSP2-PkBudg500_2030
91686a00c005460496ac46616b1711bc;pig iron production;World;pig iron;;[('ISIC rev.4 ecoinvent', '2410:Manufacture of basic iron and steel'), ('CPC', '41111: Pig iron and spiegeleisen in pigs, blocks or other primary forms')];carbon dioxide, captured at steel production plant, with underground storage, post, 200 km;-0.18019127833164972;kilogram;carbon dioxide, captured and stored;0.0;technosphere;World;ecoinvent_cutoff_3.9_remind_SSP2-PkBudg500_2030
91a62c149df44e83aa762dfc508f0f13;carbon dioxide storage from hard coal, pre, pipeline 400km, storage 3000m;CHA;carbon dioxide storage from hard coal, pre, pipeline 400km, storage 3000m;;[];carbon dioxide storage from hard coal, pre, pipeline 400km, storage 3000m;-1.0;kilogram;carbon dioxide storage from hard coal, pre, pipeline 400km, storage 3000m;1.0;production;CHA;ecoinvent_cutoff_3.9_remind_SSP2-PkBudg500_2030
91cdcedeba5d4c349940d8baab09a8ea;carbon dioxide, captured from hard coal-fired power plant, pre, pipeline 200km, storage 1000m;World;carbon dioxide, captured from hard coal-fired power plant, pre, pipeline 200km, storage 1000m;;[];carbon dioxide, captured from hard coal-fired power plant, pre, pipeline 200km, storage 1000m;-1.0;kilogram;carbon dioxide, captured from hard coal-fired power plant, pre, pipeline 200km, storage 1000m;1.0;production;World;ecoinvent_cutoff_3.9_remind_SSP2-PkBudg500_2030
91cdcedeba5d4c349940d8baab09a8ea;carbon dioxide, captured from hard coal-fired power plant, pre, pipeline 200km, storage 1000m;World;carbon dioxide, captured from hard coal-fired power plant, pre, pipeline 200km, storage 1000m;;[];carbon dioxide storage from hard coal, pre, pipeline 200km, storage 1000m;-1.0;kilogram;carbon dioxide storage from hard coal, pre, pipeline 200km, storage 1000m;;technosphere;World;ecoinvent_cutoff_3.9_remind_SSP2-PkBudg500_2030
923f95b403574e55920db70c170f3f4a;electricity production, at biomass-fired IGCC power plant, pre, pipeline 200km, storage 1000m;REF;electricity, high voltage;;[];carbon dioxide, captured at wood burning power plant 20 MW post, pipeline 200km, storage 1000m;-0.9143419354838712;kilogram;carbon dioxide, captured at wood burning power plant 20 MW post, pipeline 200km, storage 1000m;;technosphere;REF;ecoinvent_cutoff_3.9_remind_SSP2-PkBudg500_2030
92b45993949e45799c119f2ef78ec1cd;carbon dioxide storage from natural gas, post, 200km pipeline, storage 1000m;OAS;carbon dioxide storage from natural gas, post, 200km pipeline, storage 1000m;;[];carbon dioxide storage from natural gas, post, 200km pipeline, storage 1000m;-1.0;kilogram;carbon dioxide storage from natural gas, post, 200km pipeline, storage 1000m;1.0;production;OAS;ecoinvent_cutoff_3.9_remind_SSP2-PkBudg500_2030
931775c0c37f4435b994cfe1946e8c46;carbon dioxide storage at wood burning power plant 20 MW post, pipeline 400km, storage 3000m;REF;carbon dioxide storage at wood burning power plant 20 MW post, pipeline 400km, storage 3000m;;[];carbon dioxide storage at wood burning power plant 20 MW post, pipeline 400km, storage 3000m;-1.0;kilogram;carbon dioxide storage at wood burning power plant 20 MW post, pipeline 400km, storage 3000m;1.0;production;REF;ecoinvent_cutoff_3.9_remind_SSP2-PkBudg500_2030
93179c21153c47f881de2bf7f9ae1690;carbon dioxide, captured from atmosphere, with a sorbent-based direct air capture system, 100ktCO2, with heat pump heat, and grid electricity;SSA;carbon dioxide, captured from atmosphere;;[];carbon dioxide, captured from atmosphere, with a sorbent-based direct air capture system, 100ktCO2, with heat pump heat, and grid electricity;-1.0;kilogram;carbon dioxide, captured from atmosphere;1.0;production;SSA;ecoinvent_cutoff_3.9_remind_SSP2-PkBudg500_2030
932c6620a8574d1cb9abe701a8ee5c59;electricity production, at hard coal-fired IGCC power plant, pre, pipeline 200km, storage 1000m;EUR;electricity, high voltage;;[];carbon dioxide, captured from hard coal-fired power plant, pre, pipeline 200km, storage 1000m;-0.7494783566494738;kilogram;carbon dioxide, captured from hard coal-fired power plant, pre, pipeline 200km, storage 1000m;;technosphere;EUR;ecoinvent_cutoff_3.9_remind_SSP2-PkBudg500_2030
933e775327db43878665144f2e7f3373;carbon dioxide, captured from atmosphere and stored, with a solvent-based direct air capture system, 1MtCO2, with heat pump heat, and grid electricity;MEA;carbon dioxide, captured from atmosphere;;[];carbon dioxide, captured from atmosphere and stored, with a solvent-based direct air capture system, 1MtCO2, with heat pump heat, and grid electricity;-1.0;kilogram;carbon dioxide, captured from atmosphere;1.0;production;MEA;ecoinvent_cutoff_3.9_remind_SSP2-PkBudg500_2030
9345fb25bc6845b98fee78fd25fe85dd;carbon dioxide storage at hydrogen production plant, pre, pipeline 200km, storage 1000m;OAS;carbon dioxide storage at hydrogen production plant, pre, pipeline 200km, storage 1000m;;[];carbon dioxide storage at hydrogen production plant, pre, pipeline 200km, storage 1000m;-1.0;kilogram;carbon dioxide storage at hydrogen production plant, pre, pipeline 200km, storage 1000m;1.0;production;OAS;ecoinvent_cutoff_3.9_remind_SSP2-PkBudg500_2030
936649d0dddc46af8013289a63327608;steel production, converter, low-alloyed;MEA;steel, low-alloyed;;[('ISIC rev.4 ecoinvent', '2410:Manufacture of basic iron and steel'), ('CPC', '41122: Alloy steel in ingots or other primary forms and semi-finished products of alloy steel')];carbon dioxide, captured at steel production plant, with underground storage, post, 200 km;-0.02123173451634896;kilogram;carbon dioxide, captured and stored;0.0;technosphere;MEA;ecoinvent_cutoff_3.9_remind_SSP2-PkBudg500_2030
940887fdbd3349e481f3245b432cc868;carbon dioxide, captured from lignite, post, pipeline 200km, storage 1000m;RER;carbon dioxide, captured from lignite, post, pipeline 200km, storage 1000m;;[];carbon dioxide, captured from lignite, post, pipeline 200km, storage 1000m;-1.0;kilogram;carbon dioxide, captured from lignite, post, pipeline 200km, storage 1000m;;production;RER;ecoinvent_cutoff_3.9_remind_SSP2-PkBudg500_2030
940887fdbd3349e481f3245b432cc868;carbon dioxide, captured from lignite, post, pipeline 200km, storage 1000m;RER;carbon dioxide, captured from lignite, post, pipeline 200km, storage 1000m;;[];carbon dioxide, captured from lignite, post, pipeline 200km, storage 1000m;-1.0;kilogram;carbon dioxide, captured from lignite, post, pipeline 200km, storage 1000m;;technosphere;EUR;ecoinvent_cutoff_3.9_remind_SSP2-PkBudg500_2030
940af96beeb5432d8160e4c88358b9a2;pig iron production;CAZ;pig iron;;[('ISIC rev.4 ecoinvent', '2410:Manufacture of basic iron and steel'), ('CPC', '41111: Pig iron and spiegeleisen in pigs, blocks or other primary forms')];carbon dioxide, captured at steel production plant, with underground storage, post, 200 km;-0.28107165313345006;kilogram;carbon dioxide, captured and stored;0.0;technosphere;CAZ;ecoinvent_cutoff_3.9_remind_SSP2-PkBudg500_2030
9411c891efbd412c909c2a25ad78c2e3;carbon dioxide, captured from atmosphere, with a solvent-based direct air capture system, 1MtCO2, with industrial steam heat, and grid electricity;SSA;carbon dioxide, captured from atmosphere;;[];carbon dioxide, captured from atmosphere, with a solvent-based direct air capture system, 1MtCO2, with industrial steam heat, and grid electricity;-1.0;kilogram;carbon dioxide, captured from atmosphere;1.0;production;SSA;ecoinvent_cutoff_3.9_remind_SSP2-PkBudg500_2030
9488eabacb464072957fdadc964538ce;carbon dioxide, captured from atmosphere, with a solvent-based direct air capture system, 1MtCO2, with industrial steam heat, and grid electricity;LAM;carbon dioxide, captured from atmosphere;;[];carbon dioxide, captured from atmosphere, with a solvent-based direct air capture system, 1MtCO2, with industrial steam heat, and grid electricity;-1.0;kilogram;carbon dioxide, captured from atmosphere;1.0;production;LAM;ecoinvent_cutoff_3.9_remind_SSP2-PkBudg500_2030
9492fa4ef2ed4d4ca9c7a507f7126b76;carbon dioxide, captured from atmosphere and stored, with a sorbent-based direct air capture system, 100ktCO2, with waste heat, and grid electricity;World;carbon dioxide, captured from atmosphere;;[];carbon dioxide, captured from atmosphere and stored, with a sorbent-based direct air capture system, 100ktCO2, with waste heat, and grid electricity;-1.0;kilogram;carbon dioxide, captured from atmosphere;1.0;production;World;ecoinvent_cutoff_3.9_remind_SSP2-PkBudg500_2030
949b304acd494506a458ba445e8c6001;carbon dioxide, captured from atmosphere and stored, with a sorbent-based direct air capture system, 100ktCO2, with waste heat, and grid electricity;USA;carbon dioxide, captured from atmosphere;;[];carbon dioxide, captured from atmosphere and stored, with a sorbent-based direct air capture system, 100ktCO2, with waste heat, and grid electricity;-1.0;kilogram;carbon dioxide, captured from atmosphere;1.0;production;USA;ecoinvent_cutoff_3.9_remind_SSP2-PkBudg500_2030
949d39b09e624b508df5ddda6e129c91;carbon dioxide storage from lignite, post, pipeline 200km, storage 1000m;NEU;carbon dioxide storage from lignite, post, pipeline 200km, storage 1000m;;[];carbon dioxide storage from lignite, post, pipeline 200km, storage 1000m;-1.0;kilogram;carbon dioxide storage from lignite, post, pipeline 200km, storage 1000m;1.0;production;NEU;ecoinvent_cutoff_3.9_remind_SSP2-PkBudg500_2030
94c3618d5b044fe68e4db3d8450adaf1;carbon dioxide storage from hard coal, post, pipeline 400km, storage 1000m;CAZ;carbon dioxide storage from hard coal, post, pipeline 400km, storage 1000m;;[];carbon dioxide storage from hard coal, post, pipeline 400km, storage 1000m;-1.0;kilogram;carbon dioxide storage from hard coal, post, pipeline 400km, storage 1000m;1.0;production;CAZ;ecoinvent_cutoff_3.9_remind_SSP2-PkBudg500_2030
94e6672539ef4ddf98b19bbd9a34abb1;carbon dioxide, captured at wood burning power plant 20 MW post, pipeline 200km, storage 1000m;RER;carbon dioxide, captured at wood burning power plant 20 MW post, pipeline 200km, storage 1000m;;[];carbon dioxide, captured at wood burning power plant 20 MW post, pipeline 200km, storage 1000m;-1.0;kilogram;carbon dioxide, captured at wood burning power plant 20 MW post, pipeline 200km, storage 1000m;;production;RER;ecoinvent_cutoff_3.9_remind_SSP2-PkBudg500_2030
94e6672539ef4ddf98b19bbd9a34abb1;carbon dioxide, captured at wood burning power plant 20 MW post, pipeline 200km, storage 1000m;RER;carbon dioxide, captured at wood burning power plant 20 MW post, pipeline 200km, storage 1000m;;[];carbon dioxide, captured at wood burning power plant 20 MW post, pipeline 200km, storage 1000m;-1.0;kilogram;carbon dioxide, captured at wood burning power plant 20 MW post, pipeline 200km, storage 1000m;;technosphere;EUR;ecoinvent_cutoff_3.9_remind_SSP2-PkBudg500_2030
94f09308b6c84ae59e0bd63c3d3a83aa;carbon dioxide, captured from hard coal-fired power plant, post, pipeline 400km, storage 1000m;CAZ;carbon dioxide, captured from hard coal-fired power plant, post, pipeline 400km, storage 1000m;;[];carbon dioxide, captured from hard coal-fired power plant, post, pipeline 400km, storage 1000m;-1.0;kilogram;carbon dioxide, captured from hard coal-fired power plant, post, pipeline 400km, storage 1000m;1.0;production;CAZ;ecoinvent_cutoff_3.9_remind_SSP2-PkBudg500_2030
94f09308b6c84ae59e0bd63c3d3a83aa;carbon dioxide, captured from hard coal-fired power plant, post, pipeline 400km, storage 1000m;CAZ;carbon dioxide, captured from hard coal-fired power plant, post, pipeline 400km, storage 1000m;;[];carbon dioxide storage from hard coal, post, pipeline 400km, storage 1000m;-1.0;kilogram;carbon dioxide storage from hard coal, post, pipeline 400km, storage 1000m;;technosphere;CAZ;ecoinvent_cutoff_3.9_remind_SSP2-PkBudg500_2030
959b26e3bd5a44b988a3b7bb15616df4;carbon monoxide, from RWGS, for Fischer Tropsch process, hydrogen from electrolysis;CAZ;carbon monoxide, from RWGS;;[];carbon dioxide, captured from atmosphere, with a solvent-based direct air capture system, 1MtCO2, with heat pump heat, and grid electricity;-1.57;kilogram;carbon dioxide, captured from atmosphere;;technosphere;CAZ;ecoinvent_cutoff_3.9_remind_SSP2-PkBudg500_2030
95d3581e5ad6441aaac7461f2b4a7343;carbon dioxide storage from lignite, pre, pipeline 400km, storage 3000m;CAZ;carbon dioxide storage from lignite, pre, pipeline 400km, storage 3000m;;[];carbon dioxide storage from lignite, pre, pipeline 400km, storage 3000m;-1.0;kilogram;carbon dioxide storage from lignite, pre, pipeline 400km, storage 3000m;1.0;production;CAZ;ecoinvent_cutoff_3.9_remind_SSP2-PkBudg500_2030
95eee803586a4ecdb46622d2999df009;carbon monoxide, from RWGS, for Fischer Tropsch process, hydrogen from electrolysis;World;carbon monoxide, from RWGS;;[];carbon dioxide, captured from atmosphere, with a solvent-based direct air capture system, 1MtCO2, with heat pump heat, and grid electricity;-1.57;kilogram;carbon dioxide, captured from atmosphere;;technosphere;World;ecoinvent_cutoff_3.9_remind_SSP2-PkBudg500_2030
961a64a7ecd347708cfac1eb2452ca33;carbon dioxide storage from lignite, post, pipeline 400km, storage 3000m;USA;carbon dioxide storage from lignite, post, pipeline 400km, storage 3000m;;[];carbon dioxide storage from lignite, post, pipeline 400km, storage 3000m;-1.0;kilogram;carbon dioxide storage from lignite, post, pipeline 400km, storage 3000m;1.0;production;USA;ecoinvent_cutoff_3.9_remind_SSP2-PkBudg500_2030
9648bf98126241d092ed7571500c421f;carbon dioxide storage from hard coal, oxy, pipeline 400km, storage 3000m;RER;carbon dioxide storage from hard coal, oxy, pipeline 400km, storage 3000m;;[];carbon dioxide storage from hard coal, oxy, pipeline 400km, storage 3000m;-1.0;kilogram;carbon dioxide storage from hard coal, oxy, pipeline 400km, storage 3000m;;production;RER;ecoinvent_cutoff_3.9_remind_SSP2-PkBudg500_2030
9648bf98126241d092ed7571500c421f;carbon dioxide storage from hard coal, oxy, pipeline 400km, storage 3000m;RER;carbon dioxide storage from hard coal, oxy, pipeline 400km, storage 3000m;;[];carbon dioxide storage from hard coal, oxy, pipeline 400km, storage 3000m;-1.0;kilogram;carbon dioxide storage from hard coal, oxy, pipeline 400km, storage 3000m;;technosphere;EUR;ecoinvent_cutoff_3.9_remind_SSP2-PkBudg500_2030
96664d9a27124ee6afc6dbc24ba471ef;steel production, electric, chromium steel 18/8;JPN;steel, chromium steel 18/8;;[('ISIC rev.4 ecoinvent', '2410:Manufacture of basic iron and steel'), ('CPC', '41122: Alloy steel in ingots or other primary forms and semi-finished products of alloy steel')];carbon dioxide, captured at steel production plant, with underground storage, post, 200 km;-0.015023661679367434;kilogram;carbon dioxide, captured and stored;0.0;technosphere;JPN;ecoinvent_cutoff_3.9_remind_SSP2-PkBudg500_2030
96a597ca050f45299cb0d5c00c160842;carbon dioxide storage from hard coal, pre, pipeline 200km, storage 1000m;SSA;carbon dioxide storage from hard coal, pre, pipeline 200km, storage 1000m;;[];carbon dioxide storage from hard coal, pre, pipeline 200km, storage 1000m;-1.0;kilogram;carbon dioxide storage from hard coal, pre, pipeline 200km, storage 1000m;1.0;production;SSA;ecoinvent_cutoff_3.9_remind_SSP2-PkBudg500_2030
96a753e20eab41ad8f975a6a096f87eb;carbon dioxide storage from hard coal, oxy, pipeline 400km, storage 3000m;USA;carbon dioxide storage from hard coal, oxy, pipeline 400km, storage 3000m;;[];carbon dioxide storage from hard coal, oxy, pipeline 400km, storage 3000m;-1.0;kilogram;carbon dioxide storage from hard coal, oxy, pipeline 400km, storage 3000m;1.0;production;USA;ecoinvent_cutoff_3.9_remind_SSP2-PkBudg500_2030
96ad4d006db94fcab08d78921fe9f6b2;methane, from biological methanation, with carbon from atmosphere, using heat pump heat;REF;methane, from biological methanation;;[];carbon dioxide, captured from atmosphere, with a solvent-based direct air capture system, 1MtCO2, with heat pump heat, and grid electricity;-2.75;kilogram;carbon dioxide, captured from atmosphere;;technosphere;REF;ecoinvent_cutoff_3.9_remind_SSP2-PkBudg500_2030
96c4501b850c43fe8a7ac6231f45202c;carbon dioxide storage from hard coal, pre, pipeline 400km, storage 3000m;RER;carbon dioxide storage from hard coal, pre, pipeline 400km, storage 3000m;;[];carbon dioxide storage from hard coal, pre, pipeline 400km, storage 3000m;-1.0;kilogram;carbon dioxide storage from hard coal, pre, pipeline 400km, storage 3000m;;production;RER;ecoinvent_cutoff_3.9_remind_SSP2-PkBudg500_2030
96c4501b850c43fe8a7ac6231f45202c;carbon dioxide storage from hard coal, pre, pipeline 400km, storage 3000m;RER;carbon dioxide storage from hard coal, pre, pipeline 400km, storage 3000m;;[];carbon dioxide storage from hard coal, pre, pipeline 400km, storage 3000m;-1.0;kilogram;carbon dioxide storage from hard coal, pre, pipeline 400km, storage 3000m;;technosphere;EUR;ecoinvent_cutoff_3.9_remind_SSP2-PkBudg500_2030
97890348a7234a7c98f97bab842c7d89;carbon dioxide storage at wood burning power plant 20 MW post, pipeline 200km, storage 1000m;EUR;carbon dioxide storage at wood burning power plant 20 MW post, pipeline 200km, storage 1000m;;[];carbon dioxide storage at wood burning power plant 20 MW post, pipeline 200km, storage 1000m;-1.0;kilogram;carbon dioxide storage at wood burning power plant 20 MW post, pipeline 200km, storage 1000m;1.0;production;EUR;ecoinvent_cutoff_3.9_remind_SSP2-PkBudg500_2030
978e407aed7844b8a29e830150709516;steel production, electric, low-alloyed;World;steel, low-alloyed;;[('ISIC rev.4 ecoinvent', '2410:Manufacture of basic iron and steel'), ('CPC', '41122: Alloy steel in ingots or other primary forms and semi-finished products of alloy steel')];carbon dioxide, captured at steel production plant, with underground storage, post, 200 km;-0.010958319158530613;kilogram;carbon dioxide, captured and stored;0.0;technosphere;World;ecoinvent_cutoff_3.9_remind_SSP2-PkBudg500_2030
978e407aed7844b8a29e830150709516;steel production, electric, low-alloyed;World;steel, low-alloyed;;[('ISIC rev.4 ecoinvent', '2410:Manufacture of basic iron and steel'), ('CPC', '41122: Alloy steel in ingots or other primary forms and semi-finished products of alloy steel')];carbon dioxide, captured at steel production plant, with underground storage, post, 200 km;-0.0011057068835345959;kilogram;carbon dioxide, captured and stored;0.0;technosphere;World;ecoinvent_cutoff_3.9_remind_SSP2-PkBudg500_2030
97d74836da16465b94660d38ea0d052c;carbon dioxide, captured from hard coal-fired power plant, post, pipeline 400km, storage 1000m;JPN;carbon dioxide, captured from hard coal-fired power plant, post, pipeline 400km, storage 1000m;;[];carbon dioxide, captured from hard coal-fired power plant, post, pipeline 400km, storage 1000m;-1.0;kilogram;carbon dioxide, captured from hard coal-fired power plant, post, pipeline 400km, storage 1000m;1.0;production;JPN;ecoinvent_cutoff_3.9_remind_SSP2-PkBudg500_2030
97d74836da16465b94660d38ea0d052c;carbon dioxide, captured from hard coal-fired power plant, post, pipeline 400km, storage 1000m;JPN;carbon dioxide, captured from hard coal-fired power plant, post, pipeline 400km, storage 1000m;;[];carbon dioxide storage from hard coal, post, pipeline 400km, storage 1000m;-1.0;kilogram;carbon dioxide storage from hard coal, post, pipeline 400km, storage 1000m;;technosphere;JPN;ecoinvent_cutoff_3.9_remind_SSP2-PkBudg500_2030
97dfc587929d429681efdaeab44b5d0d;carbon dioxide, captured from atmosphere and stored, with a sorbent-based direct air capture system, 100ktCO2, with heat pump heat, and grid electricity;NEU;carbon dioxide, captured from atmosphere;;[];carbon dioxide, captured from atmosphere and stored, with a sorbent-based direct air capture system, 100ktCO2, with heat pump heat, and grid electricity;-1.0;kilogram;carbon dioxide, captured from atmosphere;1.0;production;NEU;ecoinvent_cutoff_3.9_remind_SSP2-PkBudg500_2030
9832b98e26c94ad58b829c37736467f1;electricity production, at hard coal-fired power plant, ultra-super critical, oxy, pipeline 200km, storage 1000m;CAZ;electricity, high voltage;;[];carbon dioxide, captured from hard coal-fired power plant, oxy, pipeline 200km, storage 1000m;-0.8378999999996097;kilogram;carbon dioxide, captured from hard coal-fired power plant, oxy, pipeline 200km, storage 1000m;;technosphere;CAZ;ecoinvent_cutoff_3.9_remind_SSP2-PkBudg500_2030
989f67fee33a41268b5e69c72527c8e2;carbon dioxide storage from hard coal, oxy, pipeline 200km, storage 1000m;IND;carbon dioxide storage from hard coal, oxy, pipeline 200km, storage 1000m;;[];carbon dioxide storage from hard coal, oxy, pipeline 200km, storage 1000m;-1.0;kilogram;carbon dioxide storage from hard coal, oxy, pipeline 200km, storage 1000m;1.0;production;IND;ecoinvent_cutoff_3.9_remind_SSP2-PkBudg500_2030
992396184f434588bf982b6914719a68;electricity production, at hard coal-fired power plant, post, pipeline 200km, storage 1000m;World;electricity, high voltage;;[];carbon dioxide, captured from hard coal-fired power plant, post, pipeline 200km, storage 1000m;-0.9072000000000001;kilogram;carbon dioxide, captured from hard coal-fired power plant, post, pipeline 200km, storage 1000m;;technosphere;World;ecoinvent_cutoff_3.9_remind_SSP2-PkBudg500_2030
996faf942b8341a6b40d14b8a6b1a679;carbon dioxide, captured from atmosphere and stored, with a solvent-based direct air capture system, 1MtCO2, with industrial steam heat, and grid electricity;World;carbon dioxide, captured from atmosphere;;[];carbon dioxide, captured from atmosphere and stored, with a solvent-based direct air capture system, 1MtCO2, with industrial steam heat, and grid electricity;-1.0;kilogram;carbon dioxide, captured from atmosphere;1.0;production;World;ecoinvent_cutoff_3.9_remind_SSP2-PkBudg500_2030
99bfdd23c833422383301a3fbda04d20;carbon dioxide, captured at steel production plant, with underground storage, post, 200 km;NEU;carbon dioxide, captured and stored;;[];carbon dioxide, captured at steel production plant, with underground storage, post, 200 km;-1.0;kilogram;carbon dioxide, captured and stored;;production;NEU;ecoinvent_cutoff_3.9_remind_SSP2-PkBudg500_2030
99bfdd23c833422383301a3fbda04d20;carbon dioxide, captured at steel production plant, with underground storage, post, 200 km;NEU;carbon dioxide, captured and stored;;[];carbon dioxide storage from hard coal, post, pipeline 200km, storage 1000m;-1.0;kilogram;carbon dioxide storage from hard coal, post, pipeline 200km, storage 1000m;;technosphere;NEU;ecoinvent_cutoff_3.9_remind_SSP2-PkBudg500_2030
99ce75c5f46a42898fc20699bd59d61b;carbon dioxide, captured from atmosphere and stored, with a solvent-based direct air capture system, 1MtCO2, with industrial steam heat, and grid electricity;NEU;carbon dioxide, captured from atmosphere;;[];carbon dioxide, captured from atmosphere and stored, with a solvent-based direct air capture system, 1MtCO2, with industrial steam heat, and grid electricity;-1.0;kilogram;carbon dioxide, captured from atmosphere;1.0;production;NEU;ecoinvent_cutoff_3.9_remind_SSP2-PkBudg500_2030
9a4c08909f7b45698c1761c8354ed40b;carbon dioxide, captured from atmosphere and stored, with a sorbent-based direct air capture system, 100ktCO2, with heat pump heat, and grid electricity;USA;carbon dioxide, captured from atmosphere;;[];carbon dioxide, captured from atmosphere and stored, with a sorbent-based direct air capture system, 100ktCO2, with heat pump heat, and grid electricity;-1.0;kilogram;carbon dioxide, captured from atmosphere;1.0;production;USA;ecoinvent_cutoff_3.9_remind_SSP2-PkBudg500_2030
9a56330ad68d433e938ef6de763df165;hydrogen production, gaseous, 30 bar, from hard coal gasification and reforming, with CCS, at coal gasification plant;CAZ;hydrogen, gaseous, 30 bar;;[];carbon dioxide, captured at hydrogen production plant, pre, pipeline 400km, storage 3000m;-15.29;kilogram;carbon dioxide, captured at hydrogen production plant, pre, pipeline 400km, storage 3000m;;technosphere;RER;ecoinvent_cutoff_3.9_remind_SSP2-PkBudg500_2030
9a94c58270e1402fa8b3ecf0414277fb;methane, from biological methanation, with carbon from atmosphere, using heat pump heat;World;methane, from biological methanation;;[];carbon dioxide, captured from atmosphere, with a solvent-based direct air capture system, 1MtCO2, with heat pump heat, and grid electricity;-2.75;kilogram;carbon dioxide, captured from atmosphere;;technosphere;World;ecoinvent_cutoff_3.9_remind_SSP2-PkBudg500_2030
9aa9a3fb669b4a359381a9e80dd54df3;carbon dioxide storage from lignite, post, pipeline 200km, storage 1000m;CAZ;carbon dioxide storage from lignite, post, pipeline 200km, storage 1000m;;[];carbon dioxide storage from lignite, post, pipeline 200km, storage 1000m;-1.0;kilogram;carbon dioxide storage from lignite, post, pipeline 200km, storage 1000m;1.0;production;CAZ;ecoinvent_cutoff_3.9_remind_SSP2-PkBudg500_2030
9b5ac79889524322a784908ecff3469b;carbon dioxide storage from lignite, post, pipeline 400km, storage 3000m;EUR;carbon dioxide storage from lignite, post, pipeline 400km, storage 3000m;;[];carbon dioxide storage from lignite, post, pipeline 400km, storage 3000m;-1.0;kilogram;carbon dioxide storage from lignite, post, pipeline 400km, storage 3000m;1.0;production;EUR;ecoinvent_cutoff_3.9_remind_SSP2-PkBudg500_2030
9c12795d5a4a46f4abab5699766afe32;carbon dioxide, captured from lignite, post, pipeline 200km, storage 1000m;IND;carbon dioxide, captured from lignite, post, pipeline 200km, storage 1000m;;[];carbon dioxide, captured from lignite, post, pipeline 200km, storage 1000m;-1.0;kilogram;carbon dioxide, captured from lignite, post, pipeline 200km, storage 1000m;1.0;production;IND;ecoinvent_cutoff_3.9_remind_SSP2-PkBudg500_2030
9c12795d5a4a46f4abab5699766afe32;carbon dioxide, captured from lignite, post, pipeline 200km, storage 1000m;IND;carbon dioxide, captured from lignite, post, pipeline 200km, storage 1000m;;[];carbon dioxide storage from lignite, post, pipeline 200km, storage 1000m;-1.0;kilogram;carbon dioxide storage from lignite, post, pipeline 200km, storage 1000m;;technosphere;IND;ecoinvent_cutoff_3.9_remind_SSP2-PkBudg500_2030
9c171cda00e2448594c6a5e5141f187e;ethanol production, via fermentation, from corn, with carbon capture and storage, energy allocation;CAZ;ethanol, from corn;;[];carbon dioxide storage at wood burning power plant 20 MW post, pipeline 200km, storage 1000m;-1.1946233679702067;kilogram;carbon dioxide storage at wood burning power plant 20 MW post, pipeline 200km, storage 1000m;;technosphere;CAZ;ecoinvent_cutoff_3.9_remind_SSP2-PkBudg500_2030
9c3aff42f04f4233909f32c3dc75edcf;methanol synthesis, hydrogen from electrolysis, CO2 from DAC;MEA;methanol, unpurified;;[];carbon dioxide, captured from atmosphere, with a solvent-based direct air capture system, 1MtCO2, with heat pump heat, and grid electricity;-1.6904231625835189;kilogram;carbon dioxide, captured from atmosphere;;technosphere;MEA;ecoinvent_cutoff_3.9_remind_SSP2-PkBudg500_2030
9c677572498a489099daab15ec8b4de0;electricity production, at biomass-fired IGCC power plant, pre, pipeline 200km, storage 1000m;SSA;electricity, high voltage;;[];carbon dioxide, captured at wood burning power plant 20 MW post, pipeline 200km, storage 1000m;-0.9143419354838712;kilogram;carbon dioxide, captured at wood burning power plant 20 MW post, pipeline 200km, storage 1000m;;technosphere;SSA;ecoinvent_cutoff_3.9_remind_SSP2-PkBudg500_2030
9ce796e356934fd99c7f4b2563a723ef;carbon dioxide, captured at cement production plant, with underground storage, post, 200 km;USA;carbon dioxide, captured and stored;;[];carbon dioxide, captured at cement production plant, with underground storage, post, 200 km;-1.0;kilogram;carbon dioxide, captured and stored;;production;USA;ecoinvent_cutoff_3.9_remind_SSP2-PkBudg500_2030
9ce796e356934fd99c7f4b2563a723ef;carbon dioxide, captured at cement production plant, with underground storage, post, 200 km;USA;carbon dioxide, captured and stored;;[];carbon dioxide storage from hard coal, post, pipeline 200km, storage 1000m;-1.0;kilogram;carbon dioxide storage from hard coal, post, pipeline 200km, storage 1000m;;technosphere;USA;ecoinvent_cutoff_3.9_remind_SSP2-PkBudg500_2030
9e5ce76f24434785b893416cd9f66459;carbon dioxide storage from natural gas, pre, 200km pipeline, storage 1000m;EUR;carbon dioxide storage from natural gas, pre, 200km pipeline, storage 1000m;;[];carbon dioxide storage from natural gas, pre, 200km pipeline, storage 1000m;-1.0;kilogram;carbon dioxide storage from natural gas, pre, 200km pipeline, storage 1000m;1.0;production;EUR;ecoinvent_cutoff_3.9_remind_SSP2-PkBudg500_2030
9e7f8264df2545b1999ec4d7f610171b;carbon dioxide, captured from atmosphere, with a solvent-based direct air capture system, 1MtCO2, with heat pump heat, and grid electricity;MEA;carbon dioxide, captured from atmosphere;;[];carbon dioxide, captured from atmosphere, with a solvent-based direct air capture system, 1MtCO2, with heat pump heat, and grid electricity;-1.0;kilogram;carbon dioxide, captured from atmosphere;1.0;production;MEA;ecoinvent_cutoff_3.9_remind_SSP2-PkBudg500_2030
9e852e512fea4587bd54a51da51198f6;carbon dioxide storage from natural gas, pre, 200km pipeline, storage 1000m;USA;carbon dioxide storage from natural gas, pre, 200km pipeline, storage 1000m;;[];carbon dioxide storage from natural gas, pre, 200km pipeline, storage 1000m;-1.0;kilogram;carbon dioxide storage from natural gas, pre, 200km pipeline, storage 1000m;1.0;production;USA;ecoinvent_cutoff_3.9_remind_SSP2-PkBudg500_2030
9eca5fdee9e64e7caf35d7b929ebec02;hydrogen production, auto-thermal reforming, from biomethane, with CCS (MDEA, 98% eff.), 25 bar;CH;hydrogen, gaseous, 25 bar;;[];carbon dioxide, captured at hydrogen production plant, pre, pipeline 200km, storage 1000m;-8.318133856294887;kilogram;carbon dioxide, captured at hydrogen production plant, pre, pipeline 200km, storage 1000m;;technosphere;RER;ecoinvent_cutoff_3.9_remind_SSP2-PkBudg500_2030
9f0a1f1e17b04e3093ee7881d1783738;carbon dioxide, captured from atmosphere, with a solvent-based direct air capture system, 1MtCO2;RER;carbon dioxide, captured from atmosphere;;[];carbon dioxide, captured from atmosphere, with a solvent-based direct air capture system, 1MtCO2;-1.0;kilogram;carbon dioxide, captured from atmosphere;;production;RER;ecoinvent_cutoff_3.9_remind_SSP2-PkBudg500_2030
9f1a1fef7c1b46ff81668783031188de;carbon dioxide, captured from natural gas, post, 200km pipeline, storage 1000m;JPN;carbon dioxide, captured from natural gas, post, 200km pipeline, storage 1000m;;[];carbon dioxide, captured from natural gas, post, 200km pipeline, storage 1000m;-1.0;kilogram;carbon dioxide, captured from natural gas, post, 200km pipeline, storage 1000m;1.0;production;JPN;ecoinvent_cutoff_3.9_remind_SSP2-PkBudg500_2030
9f1a1fef7c1b46ff81668783031188de;carbon dioxide, captured from natural gas, post, 200km pipeline, storage 1000m;JPN;carbon dioxide, captured from natural gas, post, 200km pipeline, storage 1000m;;[];carbon dioxide storage from natural gas, post, 200km pipeline, storage 1000m;-1.0;kilogram;carbon dioxide storage from natural gas, post, 200km pipeline, storage 1000m;;technosphere;JPN;ecoinvent_cutoff_3.9_remind_SSP2-PkBudg500_2030
9f2ec1aa60bb44c8af22f3ccb878b183;carbon dioxide storage from hard coal, oxy, pipeline 200km, storage 1000m;EUR;carbon dioxide storage from hard coal, oxy, pipeline 200km, storage 1000m;;[];carbon dioxide storage from hard coal, oxy, pipeline 200km, storage 1000m;-1.0;kilogram;carbon dioxide storage from hard coal, oxy, pipeline 200km, storage 1000m;1.0;production;EUR;ecoinvent_cutoff_3.9_remind_SSP2-PkBudg500_2030
9f313935918e4165a1130d89c3f355fe;electricity production, at oil-fired power plant, combined cycle, oxy, pipeline 200km, storage 1000m;RER;electricity, high voltage;;[];carbon dioxide, captured from lignite, oxy, pipeline 200km, storage 1000m;-0.8454050000000001;kilogram;carbon dioxide, captured from lignite, oxy, pipeline 200km, storage 1000m;;technosphere;EUR;ecoinvent_cutoff_3.9_remind_SSP2-PkBudg500_2030
9f8354dd886048a2afa06557bcd486db;carbon dioxide storage from natural gas, post, 400km pipeline, storage 1000m;USA;carbon dioxide storage from natural gas, post, 400km pipeline, storage 1000m;;[];carbon dioxide storage from natural gas, post, 400km pipeline, storage 1000m;-1.0;kilogram;carbon dioxide storage from natural gas, post, 400km pipeline, storage 1000m;1.0;production;USA;ecoinvent_cutoff_3.9_remind_SSP2-PkBudg500_2030
9f98b24ed4f0488b8c73a5e28079dd82;carbon dioxide storage at hydrogen production plant, pre, pipeline 200km, storage 1000m;IND;carbon dioxide storage at hydrogen production plant, pre, pipeline 200km, storage 1000m;;[];carbon dioxide storage at hydrogen production plant, pre, pipeline 200km, storage 1000m;-1.0;kilogram;carbon dioxide storage at hydrogen production plant, pre, pipeline 200km, storage 1000m;1.0;production;IND;ecoinvent_cutoff_3.9_remind_SSP2-PkBudg500_2030
9fccf6085ce946258f192b438a5933c9;steel production, converter, low-alloyed;CHA;steel, low-alloyed;;[('ISIC rev.4 ecoinvent', '2410:Manufacture of basic iron and steel'), ('CPC', '41122: Alloy steel in ingots or other primary forms and semi-finished products of alloy steel')];carbon dioxide, captured at steel production plant, with underground storage, post, 200 km;-0.016850884433497096;kilogram;carbon dioxide, captured and stored;0.0;technosphere;CHA;ecoinvent_cutoff_3.9_remind_SSP2-PkBudg500_2030
9fd55e949ea54b03bdf6af17863b776d;carbon dioxide, captured from hard coal-fired power plant, post, pipeline 400km, storage 1000m;MEA;carbon dioxide, captured from hard coal-fired power plant, post, pipeline 400km, storage 1000m;;[];carbon dioxide, captured from hard coal-fired power plant, post, pipeline 400km, storage 1000m;-1.0;kilogram;carbon dioxide, captured from hard coal-fired power plant, post, pipeline 400km, storage 1000m;1.0;production;MEA;ecoinvent_cutoff_3.9_remind_SSP2-PkBudg500_2030
9fd55e949ea54b03bdf6af17863b776d;carbon dioxide, captured from hard coal-fired power plant, post, pipeline 400km, storage 1000m;MEA;carbon dioxide, captured from hard coal-fired power plant, post, pipeline 400km, storage 1000m;;[];carbon dioxide storage from hard coal, post, pipeline 400km, storage 1000m;-1.0;kilogram;carbon dioxide storage from hard coal, post, pipeline 400km, storage 1000m;;technosphere;MEA;ecoinvent_cutoff_3.9_remind_SSP2-PkBudg500_2030
a003708a5952430cb66a3ec802008507;carbon dioxide, captured from hard coal-fired power plant, pre, pipeline 200km, storage 1000m;RER;carbon dioxide, captured from hard coal-fired power plant, pre, pipeline 200km, storage 1000m;;[];carbon dioxide, captured from hard coal-fired power plant, pre, pipeline 200km, storage 1000m;-1.0;kilogram;carbon dioxide, captured from hard coal-fired power plant, pre, pipeline 200km, storage 1000m;;production;RER;ecoinvent_cutoff_3.9_remind_SSP2-PkBudg500_2030
a003708a5952430cb66a3ec802008507;carbon dioxide, captured from hard coal-fired power plant, pre, pipeline 200km, storage 1000m;RER;carbon dioxide, captured from hard coal-fired power plant, pre, pipeline 200km, storage 1000m;;[];carbon dioxide, captured from hard coal-fired power plant, pre, pipeline 200km, storage 1000m;-1.0;kilogram;carbon dioxide, captured from hard coal-fired power plant, pre, pipeline 200km, storage 1000m;;technosphere;EUR;ecoinvent_cutoff_3.9_remind_SSP2-PkBudg500_2030
a020aced604e4b17b5f643f2a4216be7;carbon dioxide storage from hard coal, post, pipeline 200km, storage 1000m;RER;carbon dioxide storage from hard coal, post, pipeline 200km, storage 1000m;;[];carbon dioxide storage from hard coal, post, pipeline 200km, storage 1000m;-1.0;kilogram;carbon dioxide storage from hard coal, post, pipeline 200km, storage 1000m;;production;RER;ecoinvent_cutoff_3.9_remind_SSP2-PkBudg500_2030
a020aced604e4b17b5f643f2a4216be7;carbon dioxide storage from hard coal, post, pipeline 200km, storage 1000m;RER;carbon dioxide storage from hard coal, post, pipeline 200km, storage 1000m;;[];carbon dioxide storage from hard coal, post, pipeline 200km, storage 1000m;-1.0;kilogram;carbon dioxide storage from hard coal, post, pipeline 200km, storage 1000m;;technosphere;EUR;ecoinvent_cutoff_3.9_remind_SSP2-PkBudg500_2030
a02c264e912647d4ae2d5f83575ef4bc;carbon dioxide, captured from natural gas, post, 400km pipeline, storage 1000m;IND;carbon dioxide, captured from natural gas, post, 400km pipeline, storage 1000m;;[];carbon dioxide, captured from natural gas, post, 400km pipeline, storage 1000m;-1.0;kilogram;carbon dioxide, captured from natural gas, post, 400km pipeline, storage 1000m;1.0;production;IND;ecoinvent_cutoff_3.9_remind_SSP2-PkBudg500_2030
a02c264e912647d4ae2d5f83575ef4bc;carbon dioxide, captured from natural gas, post, 400km pipeline, storage 1000m;IND;carbon dioxide, captured from natural gas, post, 400km pipeline, storage 1000m;;[];carbon dioxide storage from natural gas, post, 400km pipeline, storage 1000m;-1.0;kilogram;carbon dioxide storage from natural gas, post, 400km pipeline, storage 1000m;;technosphere;IND;ecoinvent_cutoff_3.9_remind_SSP2-PkBudg500_2030
a0492becc0b2449682f3bc01de24c965;electricity production, at natural gas-fired combined cycle power plant, post, pipeline 200km, storage 1000m;CAZ;electricity, high voltage;;[];carbon dioxide, captured from natural gas, post, 200km pipeline, storage 1000m;-0.35660546134981613;kilogram;carbon dioxide, captured from natural gas, post, 200km pipeline, storage 1000m;;technosphere;CAZ;ecoinvent_cutoff_3.9_remind_SSP2-PkBudg500_2030
a05da2d2c6974ffa93e75db279801fbb;carbon monoxide, from RWGS, for Fischer Tropsch process, hydrogen from electrolysis;MEA;carbon monoxide, from RWGS;;[];carbon dioxide, captured from atmosphere, with a solvent-based direct air capture system, 1MtCO2, with heat pump heat, and grid electricity;-1.57;kilogram;carbon dioxide, captured from atmosphere;;technosphere;MEA;ecoinvent_cutoff_3.9_remind_SSP2-PkBudg500_2030
a08c5ea426674bf78bcb5d26608d5dea;electricity production, at natural gas-fired combined cycle power plant, post, pipeline 200km, storage 1000m;OAS;electricity, high voltage;;[];carbon dioxide, captured from natural gas, post, 200km pipeline, storage 1000m;-0.3260362430392373;kilogram;carbon dioxide, captured from natural gas, post, 200km pipeline, storage 1000m;;technosphere;OAS;ecoinvent_cutoff_3.9_remind_SSP2-PkBudg500_2030
a0b9dc7638b64a50abb58fe62a08448c;pig iron production;OAS;pig iron;;[('ISIC rev.4 ecoinvent', '2410:Manufacture of basic iron and steel'), ('CPC', '41111: Pig iron and spiegeleisen in pigs, blocks or other primary forms')];carbon dioxide, captured at steel production plant, with underground storage, post, 200 km;-0.254998997841946;kilogram;carbon dioxide, captured and stored;0.0;technosphere;OAS;ecoinvent_cutoff_3.9_remind_SSP2-PkBudg500_2030
a0c6177745ee4fc0b279d90ecc360a4c;carbon dioxide, captured from atmosphere, with a sorbent-based direct air capture system, 100ktCO2;RER;carbon dioxide, captured from atmosphere;;[];carbon dioxide, captured from atmosphere, with a sorbent-based direct air capture system, 100ktCO2;-1.0;kilogram;carbon dioxide, captured from atmosphere;;production;RER;ecoinvent_cutoff_3.9_remind_SSP2-PkBudg500_2030
a0ed89fa5a89457282c9c835312ab799;carbon dioxide, captured from atmosphere and stored, with a sorbent-based direct air capture system, 100ktCO2, with waste heat, and grid electricity;JPN;carbon dioxide, captured from atmosphere;;[];carbon dioxide, captured from atmosphere and stored, with a sorbent-based direct air capture system, 100ktCO2, with waste heat, and grid electricity;-1.0;kilogram;carbon dioxide, captured from atmosphere;1.0;production;JPN;ecoinvent_cutoff_3.9_remind_SSP2-PkBudg500_2030
a10804e82e1849a09924d4d0ae0dfcbe;carbon dioxide, captured from atmosphere, with a sorbent-based direct air capture system, 100ktCO2, with industrial steam heat, and grid electricity;CAZ;carbon dioxide, captured from atmosphere;;[];carbon dioxide, captured from atmosphere, with a sorbent-based direct air capture system, 100ktCO2, with industrial steam heat, and grid electricity;-1.0;kilogram;carbon dioxide, captured from atmosphere;1.0;production;CAZ;ecoinvent_cutoff_3.9_remind_SSP2-PkBudg500_2030
a10e626ba16242e0ac4611704dc25ac8;electricity production, at lignite-fired power plant, oxy, pipeline 200km, storage 1000m;CHA;electricity, high voltage;;[];carbon dioxide, captured from lignite, oxy, pipeline 200km, storage 1000m;-1.1237142857142859;kilogram;carbon dioxide, captured from lignite, oxy, pipeline 200km, storage 1000m;;technosphere;CHA;ecoinvent_cutoff_3.9_remind_SSP2-PkBudg500_2030
a29eac8ffb554e6985c4f6f4c7a48cb2;carbon dioxide, captured from atmosphere and stored, with a sorbent-based direct air capture system, 100ktCO2, with industrial steam heat, and grid electricity;EUR;carbon dioxide, captured from atmosphere;;[];carbon dioxide, captured from atmosphere and stored, with a sorbent-based direct air capture system, 100ktCO2, with industrial steam heat, and grid electricity;-1.0;kilogram;carbon dioxide, captured from atmosphere;1.0;production;EUR;ecoinvent_cutoff_3.9_remind_SSP2-PkBudg500_2030
a2a8d935cce14c9fa9d626afb156fc13;methane, from electrochemical methanation, with carbon from municipal waste incineration plant;RER;methane, from electrochemical methanation;;[];carbon dioxide, captured at municipal solid waste incineration plant, for subsequent reuse;-2.750348675034868;kilogram;carbon dioxide, captured and reused;;technosphere;RER;ecoinvent_cutoff_3.9_remind_SSP2-PkBudg500_2030
a2f38148cac44ebab1bf1ae90142dbf7;heat production, at co-generation wood-fired power plant, post, pipeline 200km, storage 1000m;RER;heat, district or industrial, other than natural gas;;[];carbon dioxide, captured at wood burning power plant 20 MW post, pipeline 200km, storage 1000m;-0.07124238;kilogram;carbon dioxide, captured at wood burning power plant 20 MW post, pipeline 200km, storage 1000m;;technosphere;EUR;ecoinvent_cutoff_3.9_remind_SSP2-PkBudg500_2030
a31886d681ea4ef7af04e697ac134e2b;carbon dioxide, captured from atmosphere and stored, with a solvent-based direct air capture system, 1MtCO2, with industrial steam heat, and grid electricity;IND;carbon dioxide, captured from atmosphere;;[];carbon dioxide, captured from atmosphere and stored, with a solvent-based direct air capture system, 1MtCO2, with industrial steam heat, and grid electricity;-1.0;kilogram;carbon dioxide, captured from atmosphere;1.0;production;IND;ecoinvent_cutoff_3.9_remind_SSP2-PkBudg500_2030
a3358a4a37284d649b9df745d4bdfbae;carbon dioxide, captured from atmosphere, with a solvent-based direct air capture system, 1MtCO2, with heat pump heat, and grid electricity;IND;carbon dioxide, captured from atmosphere;;[];carbon dioxide, captured from atmosphere, with a solvent-based direct air capture system, 1MtCO2, with heat pump heat, and grid electricity;-1.0;kilogram;carbon dioxide, captured from atmosphere;1.0;production;IND;ecoinvent_cutoff_3.9_remind_SSP2-PkBudg500_2030
a353a6a3d21e4c4c870700edb452399b;carbon dioxide, captured from atmosphere and stored, with a solvent-based direct air capture system, 1MtCO2, with heat pump heat, and grid electricity;IND;carbon dioxide, captured from atmosphere;;[];carbon dioxide, captured from atmosphere and stored, with a solvent-based direct air capture system, 1MtCO2, with heat pump heat, and grid electricity;-1.0;kilogram;carbon dioxide, captured from atmosphere;1.0;production;IND;ecoinvent_cutoff_3.9_remind_SSP2-PkBudg500_2030
a45893a957ba465ba380d8aa97e5fd37;carbon dioxide storage from hard coal, post, pipeline 200km, storage 1000m;OAS;carbon dioxide storage from hard coal, post, pipeline 200km, storage 1000m;;[];carbon dioxide storage from hard coal, post, pipeline 200km, storage 1000m;-1.0;kilogram;carbon dioxide storage from hard coal, post, pipeline 200km, storage 1000m;1.0;production;OAS;ecoinvent_cutoff_3.9_remind_SSP2-PkBudg500_2030
a46d1781cb9442fba37426b8aa00c123;carbon dioxide storage from hard coal, oxy, pipeline 200km, storage 1000m;World;carbon dioxide storage from hard coal, oxy, pipeline 200km, storage 1000m;;[];carbon dioxide storage from hard coal, oxy, pipeline 200km, storage 1000m;-1.0;kilogram;carbon dioxide storage from hard coal, oxy, pipeline 200km, storage 1000m;1.0;production;World;ecoinvent_cutoff_3.9_remind_SSP2-PkBudg500_2030
a48b6676cdad4eb7883b4dec6f8f1e06;hydrogen production, gaseous, 25 bar, from gasification of woody biomass in entrained flow gasifier, with CCS, at gasification plant;OAS;hydrogen, gaseous, 25 bar;;[];carbon dioxide, captured at hydrogen production plant, pre, pipeline 200km, storage 1000m;-19.58557;kilogram;carbon dioxide, captured at hydrogen production plant, pre, pipeline 200km, storage 1000m;;technosphere;RER;ecoinvent_cutoff_3.9_remind_SSP2-PkBudg500_2030
a49ce7f0fdec4b7089837b45919f8baa;carbon dioxide, captured from natural gas, pre, 200km pipeline, storage 1000m;EUR;carbon dioxide, captured from natural gas, pre, 200km pipeline, storage 1000m;;[];carbon dioxide, captured from natural gas, pre, 200km pipeline, storage 1000m;-1.0;kilogram;carbon dioxide, captured from natural gas, pre, 200km pipeline, storage 1000m;1.0;production;EUR;ecoinvent_cutoff_3.9_remind_SSP2-PkBudg500_2030
a49ce7f0fdec4b7089837b45919f8baa;carbon dioxide, captured from natural gas, pre, 200km pipeline, storage 1000m;EUR;carbon dioxide, captured from natural gas, pre, 200km pipeline, storage 1000m;;[];carbon dioxide storage from natural gas, pre, 200km pipeline, storage 1000m;-1.0;kilogram;carbon dioxide storage from natural gas, pre, 200km pipeline, storage 1000m;;technosphere;EUR;ecoinvent_cutoff_3.9_remind_SSP2-PkBudg500_2030
a49f0570569241cf8b6215d303b3f28a;steel production, electric, low-alloyed;CHA;steel, low-alloyed;;[('ISIC rev.4 ecoinvent', '2410:Manufacture of basic iron and steel'), ('CPC', '41122: Alloy steel in ingots or other primary forms and semi-finished products of alloy steel')];carbon dioxide, captured at steel production plant, with underground storage, post, 200 km;-0.014339792402308933;kilogram;carbon dioxide, captured and stored;0.0;technosphere;CHA;ecoinvent_cutoff_3.9_remind_SSP2-PkBudg500_2030
a49f0570569241cf8b6215d303b3f28a;steel production, electric, low-alloyed;CHA;steel, low-alloyed;;[('ISIC rev.4 ecoinvent', '2410:Manufacture of basic iron and steel'), ('CPC', '41122: Alloy steel in ingots or other primary forms and semi-finished products of alloy steel')];carbon dioxide, captured at steel production plant, with underground storage, post, 200 km;-0.001446901384994535;kilogram;carbon dioxide, captured and stored;0.0;technosphere;CHA;ecoinvent_cutoff_3.9_remind_SSP2-PkBudg500_2030
a4c298188f2c4d6ba4a11ce542bab1a1;carbon dioxide storage from lignite, pre, pipeline 200km, storage 1000m;IND;carbon dioxide storage from lignite, pre, pipeline 200km, storage 1000m;;[];carbon dioxide storage from lignite, pre, pipeline 200km, storage 1000m;-1.0;kilogram;carbon dioxide storage from lignite, pre, pipeline 200km, storage 1000m;1.0;production;IND;ecoinvent_cutoff_3.9_remind_SSP2-PkBudg500_2030
a5408ce82ebd45e691bc2bb01c0a75d1;ethanol production, via fermentation, from poplar, with carbon capture and storage, energy allocation;EUR;ethanol, from poplar;;[];carbon dioxide storage at wood burning power plant 20 MW post, pipeline 200km, storage 1000m;-4.074812712917694;kilogram;carbon dioxide storage at wood burning power plant 20 MW post, pipeline 200km, storage 1000m;;technosphere;EUR;ecoinvent_cutoff_3.9_remind_SSP2-PkBudg500_2030
a5e34b13c61d4ce38afb3eec77ab5a3a;carbon dioxide storage from lignite, post, pipeline 400km, storage 3000m;CAZ;carbon dioxide storage from lignite, post, pipeline 400km, storage 3000m;;[];carbon dioxide storage from lignite, post, pipeline 400km, storage 3000m;-1.0;kilogram;carbon dioxide storage from lignite, post, pipeline 400km, storage 3000m;1.0;production;CAZ;ecoinvent_cutoff_3.9_remind_SSP2-PkBudg500_2030
a5f36460eb19478f8da782e73b6e28a7;steel production, converter, unalloyed;NEU;steel, unalloyed;;[('ISIC rev.4 ecoinvent', '2410:Manufacture of basic iron and steel'), ('CPC', '41121: Non-alloy steel in ingots or other primary forms, and semi-finished products of non-alloy steel')];carbon dioxide, captured at steel production plant, with underground storage, post, 200 km;-0.022105370057676654;kilogram;carbon dioxide, captured and stored;0.0;technosphere;NEU;ecoinvent_cutoff_3.9_remind_SSP2-PkBudg500_2030
a607f9c2dfa940bd9e9a08ea120f7ecf;carbon dioxide, captured from hard coal-fired power plant, pre, pipeline 200km, storage 1000m;USA;carbon dioxide, captured from hard coal-fired power plant, pre, pipeline 200km, storage 1000m;;[];carbon dioxide, captured from hard coal-fired power plant, pre, pipeline 200km, storage 1000m;-1.0;kilogram;carbon dioxide, captured from hard coal-fired power plant, pre, pipeline 200km, storage 1000m;1.0;production;USA;ecoinvent_cutoff_3.9_remind_SSP2-PkBudg500_2030
a607f9c2dfa940bd9e9a08ea120f7ecf;carbon dioxide, captured from hard coal-fired power plant, pre, pipeline 200km, storage 1000m;USA;carbon dioxide, captured from hard coal-fired power plant, pre, pipeline 200km, storage 1000m;;[];carbon dioxide storage from hard coal, pre, pipeline 200km, storage 1000m;-1.0;kilogram;carbon dioxide storage from hard coal, pre, pipeline 200km, storage 1000m;;technosphere;USA;ecoinvent_cutoff_3.9_remind_SSP2-PkBudg500_2030
a61db461f07d4853b14ecc29310fae85;carbon dioxide, captured from lignite, post, pipeline 200km, storage 1000m;OAS;carbon dioxide, captured from lignite, post, pipeline 200km, storage 1000m;;[];carbon dioxide, captured from lignite, post, pipeline 200km, storage 1000m;-1.0;kilogram;carbon dioxide, captured from lignite, post, pipeline 200km, storage 1000m;1.0;production;OAS;ecoinvent_cutoff_3.9_remind_SSP2-PkBudg500_2030
a61db461f07d4853b14ecc29310fae85;carbon dioxide, captured from lignite, post, pipeline 200km, storage 1000m;OAS;carbon dioxide, captured from lignite, post, pipeline 200km, storage 1000m;;[];carbon dioxide storage from lignite, post, pipeline 200km, storage 1000m;-1.0;kilogram;carbon dioxide storage from lignite, post, pipeline 200km, storage 1000m;;technosphere;OAS;ecoinvent_cutoff_3.9_remind_SSP2-PkBudg500_2030
a73521c0ba204de787c24dc582ec3a2d;electricity production, at lignite-fired power plant, post, pipeline 200km, storage 1000m;LAM;electricity, high voltage;;[];carbon dioxide, captured from lignite, post, pipeline 200km, storage 1000m;-1.0645714285714285;kilogram;carbon dioxide, captured from lignite, post, pipeline 200km, storage 1000m;;technosphere;LAM;ecoinvent_cutoff_3.9_remind_SSP2-PkBudg500_2030
a7371cd5dc504d3fb25242d4b156440c;carbon dioxide, captured from hard coal-fired power plant, pre, pipeline 200km, storage 1000m;JPN;carbon dioxide, captured from hard coal-fired power plant, pre, pipeline 200km, storage 1000m;;[];carbon dioxide, captured from hard coal-fired power plant, pre, pipeline 200km, storage 1000m;-1.0;kilogram;carbon dioxide, captured from hard coal-fired power plant, pre, pipeline 200km, storage 1000m;1.0;production;JPN;ecoinvent_cutoff_3.9_remind_SSP2-PkBudg500_2030
a7371cd5dc504d3fb25242d4b156440c;carbon dioxide, captured from hard coal-fired power plant, pre, pipeline 200km, storage 1000m;JPN;carbon dioxide, captured from hard coal-fired power plant, pre, pipeline 200km, storage 1000m;;[];carbon dioxide storage from hard coal, pre, pipeline 200km, storage 1000m;-1.0;kilogram;carbon dioxide storage from hard coal, pre, pipeline 200km, storage 1000m;;technosphere;JPN;ecoinvent_cutoff_3.9_remind_SSP2-PkBudg500_2030
a82e0cfc9cf946048d2c613d48756e88;carbon dioxide storage from natural gas, post, 200km pipeline, storage 1000m;SSA;carbon dioxide storage from natural gas, post, 200km pipeline, storage 1000m;;[];carbon dioxide storage from natural gas, post, 200km pipeline, storage 1000m;-1.0;kilogram;carbon dioxide storage from natural gas, post, 200km pipeline, storage 1000m;1.0;production;SSA;ecoinvent_cutoff_3.9_remind_SSP2-PkBudg500_2030
a85b2345865c4fa5a749472b97dfe342;electricity production, at co-generation natural gas-fired power plant, post, pipeline 200km, storage 1000m;RER;electricity, high voltage;;[];carbon dioxide, captured from natural gas, post, 200km pipeline, storage 1000m;-0.4281854400000001;kilogram;carbon dioxide, captured from natural gas, post, 200km pipeline, storage 1000m;;technosphere;EUR;ecoinvent_cutoff_3.9_remind_SSP2-PkBudg500_2030
a8727ab3d2ab4ab684d81dc733f04e0e;carbon dioxide, captured from lignite, pre, pipeline 200km, storage 1000m;EUR;carbon dioxide, captured from lignite, pre, pipeline 200km, storage 1000m;;[];carbon dioxide, captured from lignite, pre, pipeline 200km, storage 1000m;-1.0;kilogram;carbon dioxide, captured from lignite, pre, pipeline 200km, storage 1000m;1.0;production;EUR;ecoinvent_cutoff_3.9_remind_SSP2-PkBudg500_2030
a8727ab3d2ab4ab684d81dc733f04e0e;carbon dioxide, captured from lignite, pre, pipeline 200km, storage 1000m;EUR;carbon dioxide, captured from lignite, pre, pipeline 200km, storage 1000m;;[];carbon dioxide storage from lignite, pre, pipeline 200km, storage 1000m;-1.0;kilogram;carbon dioxide storage from lignite, pre, pipeline 200km, storage 1000m;;technosphere;EUR;ecoinvent_cutoff_3.9_remind_SSP2-PkBudg500_2030
a89a644609164b90ae1b0d4f59fd4f84;carbon dioxide, captured from hard coal-fired power plant, post, pipeline 400km, storage 1000m;REF;carbon dioxide, captured from hard coal-fired power plant, post, pipeline 400km, storage 1000m;;[];carbon dioxide, captured from hard coal-fired power plant, post, pipeline 400km, storage 1000m;-1.0;kilogram;carbon dioxide, captured from hard coal-fired power plant, post, pipeline 400km, storage 1000m;1.0;production;REF;ecoinvent_cutoff_3.9_remind_SSP2-PkBudg500_2030
a89a644609164b90ae1b0d4f59fd4f84;carbon dioxide, captured from hard coal-fired power plant, post, pipeline 400km, storage 1000m;REF;carbon dioxide, captured from hard coal-fired power plant, post, pipeline 400km, storage 1000m;;[];carbon dioxide storage from hard coal, post, pipeline 400km, storage 1000m;-1.0;kilogram;carbon dioxide storage from hard coal, post, pipeline 400km, storage 1000m;;technosphere;REF;ecoinvent_cutoff_3.9_remind_SSP2-PkBudg500_2030
a8a9d8dcda0a4c4a8e51edaa8d2b673a;carbon dioxide storage from lignite, oxy, pipeline 200km, storage 1000m;CAZ;carbon dioxide storage from lignite, oxy, pipeline 200km, storage 1000m;;[];carbon dioxide storage from lignite, oxy, pipeline 200km, storage 1000m;-1.0;kilogram;carbon dioxide storage from lignite, oxy, pipeline 200km, storage 1000m;1.0;production;CAZ;ecoinvent_cutoff_3.9_remind_SSP2-PkBudg500_2030
a9168b24d0ba4bd4bddebe70b79aabe8;steel production, electric, chromium steel 18/8;EUR;steel, chromium steel 18/8;;[('ISIC rev.4 ecoinvent', '2410:Manufacture of basic iron and steel'), ('CPC', '41122: Alloy steel in ingots or other primary forms and semi-finished products of alloy steel')];carbon dioxide, captured at steel production plant, with underground storage, post, 200 km;-0.015989188354906182;kilogram;carbon dioxide, captured and stored;0.0;technosphere;EUR;ecoinvent_cutoff_3.9_remind_SSP2-PkBudg500_2030
a91d89e40df8426caf0452600726e96f;carbon dioxide, captured from hard coal-fired power plant, oxy, pipeline 200km, storage 1000m;LAM;carbon dioxide, captured from hard coal-fired power plant, oxy, pipeline 200km, storage 1000m;;[];carbon dioxide, captured from hard coal-fired power plant, oxy, pipeline 200km, storage 1000m;-1.0;kilogram;carbon dioxide, captured from hard coal-fired power plant, oxy, pipeline 200km, storage 1000m;1.0;production;LAM;ecoinvent_cutoff_3.9_remind_SSP2-PkBudg500_2030
a91d89e40df8426caf0452600726e96f;carbon dioxide, captured from hard coal-fired power plant, oxy, pipeline 200km, storage 1000m;LAM;carbon dioxide, captured from hard coal-fired power plant, oxy, pipeline 200km, storage 1000m;;[];carbon dioxide storage from hard coal, oxy, pipeline 200km, storage 1000m;-1.0;kilogram;carbon dioxide storage from hard coal, oxy, pipeline 200km, storage 1000m;;technosphere;LAM;ecoinvent_cutoff_3.9_remind_SSP2-PkBudg500_2030
a964a46f3e2b4145a7310b49a3828429;ethanol production, via fermentation, from miscanthus, with carbon capture and storage, energy allocation;SSA;ethanol, from miscanthus;;[];carbon dioxide storage at wood burning power plant 20 MW post, pipeline 200km, storage 1000m;-4.826492542155434;kilogram;carbon dioxide storage at wood burning power plant 20 MW post, pipeline 200km, storage 1000m;;technosphere;SSA;ecoinvent_cutoff_3.9_remind_SSP2-PkBudg500_2030
a9a0657666c442e5a8bb22447423a138;methane, from electrochemical methanation, with carbon from atmosphere, using heat pump heat;IND;methane, from electrochemical methanation;;[];carbon dioxide, captured from atmosphere, with a solvent-based direct air capture system, 1MtCO2, with heat pump heat, and grid electricity;-2.750348675034868;kilogram;carbon dioxide, captured from atmosphere;;technosphere;IND;ecoinvent_cutoff_3.9_remind_SSP2-PkBudg500_2030
a9cfde10f264406c832bfc083b24eda9;methane, from biological methanation, with carbon from atmosphere, using heat pump heat;CHA;methane, from biological methanation;;[];carbon dioxide, captured from atmosphere, with a solvent-based direct air capture system, 1MtCO2, with heat pump heat, and grid electricity;-2.75;kilogram;carbon dioxide, captured from atmosphere;;technosphere;CHA;ecoinvent_cutoff_3.9_remind_SSP2-PkBudg500_2030
aa3e1c6a6c8b45e69f83b947c8fc6192;carbon dioxide, captured from lignite, oxy, pipeline 200km, storage 1000m;NEU;carbon dioxide, captured from lignite, oxy, pipeline 200km, storage 1000m;;[];carbon dioxide, captured from lignite, oxy, pipeline 200km, storage 1000m;-1.0;kilogram;carbon dioxide, captured from lignite, oxy, pipeline 200km, storage 1000m;1.0;production;NEU;ecoinvent_cutoff_3.9_remind_SSP2-PkBudg500_2030
aa3e1c6a6c8b45e69f83b947c8fc6192;carbon dioxide, captured from lignite, oxy, pipeline 200km, storage 1000m;NEU;carbon dioxide, captured from lignite, oxy, pipeline 200km, storage 1000m;;[];carbon dioxide storage from lignite, oxy, pipeline 200km, storage 1000m;-1.0;kilogram;carbon dioxide storage from lignite, oxy, pipeline 200km, storage 1000m;;technosphere;NEU;ecoinvent_cutoff_3.9_remind_SSP2-PkBudg500_2030
aa4b959ffa6d40419574fae2b0ebf978;ethanol production, via fermentation, from eucalyptus, with carbon capture and storage;IND;ethanol, from eucalyptus;;[];carbon dioxide storage at wood burning power plant 20 MW post, pipeline 200km, storage 1000m;-4.095;kilogram;carbon dioxide storage at wood burning power plant 20 MW post, pipeline 200km, storage 1000m;;technosphere;IND;ecoinvent_cutoff_3.9_remind_SSP2-PkBudg500_2030
aa5118ed251e45d58eb822ea8f01ba30;carbon dioxide, captured at wood burning power plant 20 MW post, pipeline 200km, storage 1000m;NEU;carbon dioxide, captured at wood burning power plant 20 MW post, pipeline 200km, storage 1000m;;[];carbon dioxide, captured at wood burning power plant 20 MW post, pipeline 200km, storage 1000m;-1.0;kilogram;carbon dioxide, captured at wood burning power plant 20 MW post, pipeline 200km, storage 1000m;1.0;production;NEU;ecoinvent_cutoff_3.9_remind_SSP2-PkBudg500_2030
aa5118ed251e45d58eb822ea8f01ba30;carbon dioxide, captured at wood burning power plant 20 MW post, pipeline 200km, storage 1000m;NEU;carbon dioxide, captured at wood burning power plant 20 MW post, pipeline 200km, storage 1000m;;[];carbon dioxide storage at wood burning power plant 20 MW post, pipeline 200km, storage 1000m;-1.0;kilogram;carbon dioxide storage at wood burning power plant 20 MW post, pipeline 200km, storage 1000m;;technosphere;NEU;ecoinvent_cutoff_3.9_remind_SSP2-PkBudg500_2030
aab2c5e863aa4729b55fa429cab458a8;carbon dioxide, captured from hard coal-fired power plant, post, pipeline 400km, storage 1000m;NEU;carbon dioxide, captured from hard coal-fired power plant, post, pipeline 400km, storage 1000m;;[];carbon dioxide, captured from hard coal-fired power plant, post, pipeline 400km, storage 1000m;-1.0;kilogram;carbon dioxide, captured from hard coal-fired power plant, post, pipeline 400km, storage 1000m;1.0;production;NEU;ecoinvent_cutoff_3.9_remind_SSP2-PkBudg500_2030
aab2c5e863aa4729b55fa429cab458a8;carbon dioxide, captured from hard coal-fired power plant, post, pipeline 400km, storage 1000m;NEU;carbon dioxide, captured from hard coal-fired power plant, post, pipeline 400km, storage 1000m;;[];carbon dioxide storage from hard coal, post, pipeline 400km, storage 1000m;-1.0;kilogram;carbon dioxide storage from hard coal, post, pipeline 400km, storage 1000m;;technosphere;NEU;ecoinvent_cutoff_3.9_remind_SSP2-PkBudg500_2030
aac21a1e55fb460c80e9a757858d185e;carbon dioxide, captured at wood burning power plant 20 MW post, pipeline 200km, storage 1000m;CHA;carbon dioxide, captured at wood burning power plant 20 MW post, pipeline 200km, storage 1000m;;[];carbon dioxide, captured at wood burning power plant 20 MW post, pipeline 200km, storage 1000m;-1.0;kilogram;carbon dioxide, captured at wood burning power plant 20 MW post, pipeline 200km, storage 1000m;1.0;production;CHA;ecoinvent_cutoff_3.9_remind_SSP2-PkBudg500_2030
aac21a1e55fb460c80e9a757858d185e;carbon dioxide, captured at wood burning power plant 20 MW post, pipeline 200km, storage 1000m;CHA;carbon dioxide, captured at wood burning power plant 20 MW post, pipeline 200km, storage 1000m;;[];carbon dioxide storage at wood burning power plant 20 MW post, pipeline 200km, storage 1000m;-1.0;kilogram;carbon dioxide storage at wood burning power plant 20 MW post, pipeline 200km, storage 1000m;;technosphere;CHA;ecoinvent_cutoff_3.9_remind_SSP2-PkBudg500_2030
ab1a03666f8e4b0b950a2e7b2d1e2e6d;carbon dioxide storage from hard coal, pre, pipeline 400km, storage 3000m;EUR;carbon dioxide storage from hard coal, pre, pipeline 400km, storage 3000m;;[];carbon dioxide storage from hard coal, pre, pipeline 400km, storage 3000m;-1.0;kilogram;carbon dioxide storage from hard coal, pre, pipeline 400km, storage 3000m;1.0;production;EUR;ecoinvent_cutoff_3.9_remind_SSP2-PkBudg500_2030
abab6cbc32384a20856e83f08180aa31;carbon dioxide storage from lignite, pre, pipeline 200km, storage 1000m;EUR;carbon dioxide storage from lignite, pre, pipeline 200km, storage 1000m;;[];carbon dioxide storage from lignite, pre, pipeline 200km, storage 1000m;-1.0;kilogram;carbon dioxide storage from lignite, pre, pipeline 200km, storage 1000m;1.0;production;EUR;ecoinvent_cutoff_3.9_remind_SSP2-PkBudg500_2030
ac16f487f3ea403882e4dfcefc7a4bdd;hydrogen production, gaseous, 25 bar, from gasification of woody biomass in entrained flow gasifier, with CCS, at gasification plant;USA;hydrogen, gaseous, 25 bar;;[];carbon dioxide, captured at hydrogen production plant, pre, pipeline 200km, storage 1000m;-19.58557;kilogram;carbon dioxide, captured at hydrogen production plant, pre, pipeline 200km, storage 1000m;;technosphere;RER;ecoinvent_cutoff_3.9_remind_SSP2-PkBudg500_2030
ac810b9e960243559a0f7e3c1ce7125c;carbon dioxide storage from lignite, post, pipeline 200km, storage 1000m;LAM;carbon dioxide storage from lignite, post, pipeline 200km, storage 1000m;;[];carbon dioxide storage from lignite, post, pipeline 200km, storage 1000m;-1.0;kilogram;carbon dioxide storage from lignite, post, pipeline 200km, storage 1000m;1.0;production;LAM;ecoinvent_cutoff_3.9_remind_SSP2-PkBudg500_2030
ad3f436c5ea440f991a93be2c9ac5df4;carbon dioxide storage from natural gas, post, 400km pipeline, storage 1000m;RER;carbon dioxide storage from natural gas, post, 400km pipeline, storage 1000m;;[];carbon dioxide storage from natural gas, post, 400km pipeline, storage 1000m;-1.0;kilogram;carbon dioxide storage from natural gas, post, 400km pipeline, storage 1000m;;production;RER;ecoinvent_cutoff_3.9_remind_SSP2-PkBudg500_2030
ad3f436c5ea440f991a93be2c9ac5df4;carbon dioxide storage from natural gas, post, 400km pipeline, storage 1000m;RER;carbon dioxide storage from natural gas, post, 400km pipeline, storage 1000m;;[];carbon dioxide storage from natural gas, post, 400km pipeline, storage 1000m;-1.0;kilogram;carbon dioxide storage from natural gas, post, 400km pipeline, storage 1000m;;technosphere;EUR;ecoinvent_cutoff_3.9_remind_SSP2-PkBudg500_2030
ad74ab688d7a4fc6a2329f4645756562;heat production, at co-generation natural gas-fired power plant, post, pipeline 200km, storage 1000m;RER;heat, district or industrial, natural gas;;[];carbon dioxide, captured from natural gas, post, 200km pipeline, storage 1000m;-0.021910824;kilogram;carbon dioxide, captured from natural gas, post, 200km pipeline, storage 1000m;;technosphere;EUR;ecoinvent_cutoff_3.9_remind_SSP2-PkBudg500_2030
ad7d15ec3a7b468e88f596c8b376e5d9;steel production, electric, low-alloyed;JPN;steel, low-alloyed;;[('ISIC rev.4 ecoinvent', '2410:Manufacture of basic iron and steel'), ('CPC', '41122: Alloy steel in ingots or other primary forms and semi-finished products of alloy steel')];carbon dioxide, captured at steel production plant, with underground storage, post, 200 km;-0.017187365018201596;kilogram;carbon dioxide, captured and stored;0.0;technosphere;JPN;ecoinvent_cutoff_3.9_remind_SSP2-PkBudg500_2030
ad7d15ec3a7b468e88f596c8b376e5d9;steel production, electric, low-alloyed;JPN;steel, low-alloyed;;[('ISIC rev.4 ecoinvent', '2410:Manufacture of basic iron and steel'), ('CPC', '41122: Alloy steel in ingots or other primary forms and semi-finished products of alloy steel')];carbon dioxide, captured at steel production plant, with underground storage, post, 200 km;-0.0017342247050409396;kilogram;carbon dioxide, captured and stored;0.0;technosphere;JPN;ecoinvent_cutoff_3.9_remind_SSP2-PkBudg500_2030
ad98b55792bc4a46bb483e6a14115174;carbon dioxide storage from natural gas, post, 400km pipeline, storage 3000m;RER;carbon dioxide storage from natural gas, post, 400km pipeline, storage 3000m;;[];carbon dioxide storage from natural gas, post, 400km pipeline, storage 3000m;-1.0;kilogram;carbon dioxide storage from natural gas, post, 400km pipeline, storage 3000m;;production;RER;ecoinvent_cutoff_3.9_remind_SSP2-PkBudg500_2030
ad98b55792bc4a46bb483e6a14115174;carbon dioxide storage from natural gas, post, 400km pipeline, storage 3000m;RER;carbon dioxide storage from natural gas, post, 400km pipeline, storage 3000m;;[];carbon dioxide storage from natural gas, post, 400km pipeline, storage 3000m;-1.0;kilogram;carbon dioxide storage from natural gas, post, 400km pipeline, storage 3000m;;technosphere;EUR;ecoinvent_cutoff_3.9_remind_SSP2-PkBudg500_2030
ade160c614724c0b9e78e02e5a2225b7;electricity production, at hydrogen-fired combined cycle power plant, by auto-thermal reforming of natural gas, pre, pipeline 200km, storage 1000m;RER;electricity, high voltage;;[];carbon dioxide, captured from natural gas, pre, 200km pipeline, storage 1000m;-0.3627;kilogram;carbon dioxide, captured from natural gas, pre, 200km pipeline, storage 1000m;;technosphere;EUR;ecoinvent_cutoff_3.9_remind_SSP2-PkBudg500_2030
ae4a6cde169f4568acd8c20956eb0d75;carbon dioxide, captured from atmosphere, with a solvent-based direct air capture system, 1MtCO2, with industrial steam heat, and grid electricity;IND;carbon dioxide, captured from atmosphere;;[];carbon dioxide, captured from atmosphere, with a solvent-based direct air capture system, 1MtCO2, with industrial steam heat, and grid electricity;-1.0;kilogram;carbon dioxide, captured from atmosphere;1.0;production;IND;ecoinvent_cutoff_3.9_remind_SSP2-PkBudg500_2030
ae7f721dd45e4675b3534bf71c804cd7;carbon dioxide storage from hard coal, oxy, pipeline 200km, storage 1000m;USA;carbon dioxide storage from hard coal, oxy, pipeline 200km, storage 1000m;;[];carbon dioxide storage from hard coal, oxy, pipeline 200km, storage 1000m;-1.0;kilogram;carbon dioxide storage from hard coal, oxy, pipeline 200km, storage 1000m;1.0;production;USA;ecoinvent_cutoff_3.9_remind_SSP2-PkBudg500_2030
aef1f6e3eba944419ad4ff6bec2f4668;carbon dioxide, captured from atmosphere, with a sorbent-based direct air capture system, 100ktCO2, with industrial steam heat, and grid electricity;CHA;carbon dioxide, captured from atmosphere;;[];carbon dioxide, captured from atmosphere, with a sorbent-based direct air capture system, 100ktCO2, with industrial steam heat, and grid electricity;-1.0;kilogram;carbon dioxide, captured from atmosphere;1.0;production;CHA;ecoinvent_cutoff_3.9_remind_SSP2-PkBudg500_2030
af259c5b62c749ae868dfa95ad1d4764;ethanol production, via fermentation, from corn, with carbon capture and storage, system expansion;US;ethanol, from corn;;[];carbon dioxide storage at wood burning power plant 20 MW post, pipeline 200km, storage 1000m;-2.886603676972371;kilogram;carbon dioxide storage at wood burning power plant 20 MW post, pipeline 200km, storage 1000m;;technosphere;USA;ecoinvent_cutoff_3.9_remind_SSP2-PkBudg500_2030
af577d84dcf84486bfb05a97b010a55d;carbon dioxide storage from hard coal, pre, pipeline 400km, storage 3000m;World;carbon dioxide storage from hard coal, pre, pipeline 400km, storage 3000m;;[];carbon dioxide storage from hard coal, pre, pipeline 400km, storage 3000m;-1.0;kilogram;carbon dioxide storage from hard coal, pre, pipeline 400km, storage 3000m;1.0;production;World;ecoinvent_cutoff_3.9_remind_SSP2-PkBudg500_2030
b00194af0b214055b668ad764be9fb97;carbon dioxide, captured at wood burning power plant 20 MW post, pipeline 200km, storage 1000m;CAZ;carbon dioxide, captured at wood burning power plant 20 MW post, pipeline 200km, storage 1000m;;[];carbon dioxide, captured at wood burning power plant 20 MW post, pipeline 200km, storage 1000m;-1.0;kilogram;carbon dioxide, captured at wood burning power plant 20 MW post, pipeline 200km, storage 1000m;1.0;production;CAZ;ecoinvent_cutoff_3.9_remind_SSP2-PkBudg500_2030
b00194af0b214055b668ad764be9fb97;carbon dioxide, captured at wood burning power plant 20 MW post, pipeline 200km, storage 1000m;CAZ;carbon dioxide, captured at wood burning power plant 20 MW post, pipeline 200km, storage 1000m;;[];carbon dioxide storage at wood burning power plant 20 MW post, pipeline 200km, storage 1000m;-1.0;kilogram;carbon dioxide storage at wood burning power plant 20 MW post, pipeline 200km, storage 1000m;;technosphere;CAZ;ecoinvent_cutoff_3.9_remind_SSP2-PkBudg500_2030
b01cc0b8ca804740a1a59abbc8ef98af;carbon dioxide, captured from atmosphere and stored, with a solvent-based direct air capture system, 1MtCO2, with heat pump heat, and grid electricity;LAM;carbon dioxide, captured from atmosphere;;[];carbon dioxide, captured from atmosphere and stored, with a solvent-based direct air capture system, 1MtCO2, with heat pump heat, and grid electricity;-1.0;kilogram;carbon dioxide, captured from atmosphere;1.0;production;LAM;ecoinvent_cutoff_3.9_remind_SSP2-PkBudg500_2030
b046987a60c44caeb4a0dbbb40995e8e;carbon dioxide storage from hard coal, oxy, pipeline 200km, storage 1000m;CHA;carbon dioxide storage from hard coal, oxy, pipeline 200km, storage 1000m;;[];carbon dioxide storage from hard coal, oxy, pipeline 200km, storage 1000m;-1.0;kilogram;carbon dioxide storage from hard coal, oxy, pipeline 200km, storage 1000m;1.0;production;CHA;ecoinvent_cutoff_3.9_remind_SSP2-PkBudg500_2030
b09f5689fca04157b06ac487cdfdc8ce;electricity production, at lignite-fired IGCC power plant, pre, pipeline 200km, storage 1000m;EUR;electricity, high voltage;;[];carbon dioxide, captured from lignite, pre, pipeline 200km, storage 1000m;-0.95079990087909;kilogram;carbon dioxide, captured from lignite, pre, pipeline 200km, storage 1000m;;technosphere;EUR;ecoinvent_cutoff_3.9_remind_SSP2-PkBudg500_2030
b1f1961add034ca4a500dcda50774f57;electricity production, at hard coal-fired power plant, post, pipeline 200km, storage 1000m;JPN;electricity, high voltage;;[];carbon dioxide, captured from hard coal-fired power plant, post, pipeline 200km, storage 1000m;-0.9072000000000003;kilogram;carbon dioxide, captured from hard coal-fired power plant, post, pipeline 200km, storage 1000m;;technosphere;JPN;ecoinvent_cutoff_3.9_remind_SSP2-PkBudg500_2030
b1fda9c1acb94b8eb3af4f2e1b2c2945;carbon dioxide, captured from hard coal-fired power plant, oxy, pipeline 200km, storage 1000m;CAZ;carbon dioxide, captured from hard coal-fired power plant, oxy, pipeline 200km, storage 1000m;;[];carbon dioxide, captured from hard coal-fired power plant, oxy, pipeline 200km, storage 1000m;-1.0;kilogram;carbon dioxide, captured from hard coal-fired power plant, oxy, pipeline 200km, storage 1000m;1.0;production;CAZ;ecoinvent_cutoff_3.9_remind_SSP2-PkBudg500_2030
b1fda9c1acb94b8eb3af4f2e1b2c2945;carbon dioxide, captured from hard coal-fired power plant, oxy, pipeline 200km, storage 1000m;CAZ;carbon dioxide, captured from hard coal-fired power plant, oxy, pipeline 200km, storage 1000m;;[];carbon dioxide storage from hard coal, oxy, pipeline 200km, storage 1000m;-1.0;kilogram;carbon dioxide storage from hard coal, oxy, pipeline 200km, storage 1000m;;technosphere;CAZ;ecoinvent_cutoff_3.9_remind_SSP2-PkBudg500_2030
b25fc81097234a18b29aec6667c1dc6a;methane, from electrochemical methanation, with carbon from atmosphere, using heat pump heat;World;methane, from electrochemical methanation;;[];carbon dioxide, captured from atmosphere, with a solvent-based direct air capture system, 1MtCO2, with heat pump heat, and grid electricity;-2.750348675034868;kilogram;carbon dioxide, captured from atmosphere;;technosphere;World;ecoinvent_cutoff_3.9_remind_SSP2-PkBudg500_2030
b28e563bddfa4e8d966adcdd32a47801;carbon dioxide storage from natural gas, pre, 200km pipeline, storage 1000m;World;carbon dioxide storage from natural gas, pre, 200km pipeline, storage 1000m;;[];carbon dioxide storage from natural gas, pre, 200km pipeline, storage 1000m;-1.0;kilogram;carbon dioxide storage from natural gas, pre, 200km pipeline, storage 1000m;1.0;production;World;ecoinvent_cutoff_3.9_remind_SSP2-PkBudg500_2030
b2ddb876e77e46b8b6f94a5fe78106d1;carbon dioxide storage from natural gas, pre, 400km pipeline, storage 3000m;RER;carbon dioxide storage from natural gas, pre, 400km pipeline, storage 3000m;;[];carbon dioxide storage from natural gas, pre, 400km pipeline, storage 3000m;-1.0;kilogram;carbon dioxide storage from natural gas, pre, 400km pipeline, storage 3000m;;production;RER;ecoinvent_cutoff_3.9_remind_SSP2-PkBudg500_2030
b2ddb876e77e46b8b6f94a5fe78106d1;carbon dioxide storage from natural gas, pre, 400km pipeline, storage 3000m;RER;carbon dioxide storage from natural gas, pre, 400km pipeline, storage 3000m;;[];carbon dioxide storage from natural gas, pre, 400km pipeline, storage 3000m;-1.0;kilogram;carbon dioxide storage from natural gas, pre, 400km pipeline, storage 3000m;;technosphere;EUR;ecoinvent_cutoff_3.9_remind_SSP2-PkBudg500_2030
b2f1426142994aafa293168ba8ad0bf9;carbon dioxide, captured from atmosphere and stored, with a solvent-based direct air capture system, 1MtCO2, with industrial steam heat, and grid electricity;CHA;carbon dioxide, captured from atmosphere;;[];carbon dioxide, captured from atmosphere and stored, with a solvent-based direct air capture system, 1MtCO2, with industrial steam heat, and grid electricity;-1.0;kilogram;carbon dioxide, captured from atmosphere;1.0;production;CHA;ecoinvent_cutoff_3.9_remind_SSP2-PkBudg500_2030
b3474900eaaa4d88888cdb35f5e0c0a9;carbon dioxide, captured from lignite, post, pipeline 200km, storage 1000m;JPN;carbon dioxide, captured from lignite, post, pipeline 200km, storage 1000m;;[];carbon dioxide, captured from lignite, post, pipeline 200km, storage 1000m;-1.0;kilogram;carbon dioxide, captured from lignite, post, pipeline 200km, storage 1000m;1.0;production;JPN;ecoinvent_cutoff_3.9_remind_SSP2-PkBudg500_2030
b3474900eaaa4d88888cdb35f5e0c0a9;carbon dioxide, captured from lignite, post, pipeline 200km, storage 1000m;JPN;carbon dioxide, captured from lignite, post, pipeline 200km, storage 1000m;;[];carbon dioxide storage from lignite, post, pipeline 200km, storage 1000m;-1.0;kilogram;carbon dioxide storage from lignite, post, pipeline 200km, storage 1000m;;technosphere;JPN;ecoinvent_cutoff_3.9_remind_SSP2-PkBudg500_2030
b357359e45dd45a0a42b47e24e0fbedf;carbon dioxide storage from natural gas, post, 400km pipeline, storage 3000m;NEU;carbon dioxide storage from natural gas, post, 400km pipeline, storage 3000m;;[];carbon dioxide storage from natural gas, post, 400km pipeline, storage 3000m;-1.0;kilogram;carbon dioxide storage from natural gas, post, 400km pipeline, storage 3000m;1.0;production;NEU;ecoinvent_cutoff_3.9_remind_SSP2-PkBudg500_2030
b39a9c23afd744ebbc70fcc4fbc98dcd;methane, from biological methanation, with carbon from atmosphere, using waste heat;MEA;methane, from biological methanation;;[];carbon dioxide, captured from atmosphere, with a sorbent-based direct air capture system, 100ktCO2, with waste heat, and grid electricity;-2.75;kilogram;carbon dioxide, captured from atmosphere;;technosphere;MEA;ecoinvent_cutoff_3.9_remind_SSP2-PkBudg500_2030
b3c44a5828f34c348fb4af669fe6ba0e;carbon dioxide, captured from atmosphere, with a sorbent-based direct air capture system, 100ktCO2, with waste heat, and grid electricity;NEU;carbon dioxide, captured from atmosphere;;[];carbon dioxide, captured from atmosphere, with a sorbent-based direct air capture system, 100ktCO2, with waste heat, and grid electricity;-1.0;kilogram;carbon dioxide, captured from atmosphere;1.0;production;NEU;ecoinvent_cutoff_3.9_remind_SSP2-PkBudg500_2030
b3d0b9c85de14281af3bbd577bc4fb51;carbon dioxide storage from lignite, oxy, pipeline 200km, storage 1000m;EUR;carbon dioxide storage from lignite, oxy, pipeline 200km, storage 1000m;;[];carbon dioxide storage from lignite, oxy, pipeline 200km, storage 1000m;-1.0;kilogram;carbon dioxide storage from lignite, oxy, pipeline 200km, storage 1000m;1.0;production;EUR;ecoinvent_cutoff_3.9_remind_SSP2-PkBudg500_2030
b3f50e7dd8804bdfb8c7bd3451b357b8;carbon dioxide, captured at steel production plant, with underground storage, post, 200 km;MEA;carbon dioxide, captured and stored;;[];carbon dioxide, captured at steel production plant, with underground storage, post, 200 km;-1.0;kilogram;carbon dioxide, captured and stored;;production;MEA;ecoinvent_cutoff_3.9_remind_SSP2-PkBudg500_2030
b3f50e7dd8804bdfb8c7bd3451b357b8;carbon dioxide, captured at steel production plant, with underground storage, post, 200 km;MEA;carbon dioxide, captured and stored;;[];carbon dioxide storage from hard coal, post, pipeline 200km, storage 1000m;-1.0;kilogram;carbon dioxide storage from hard coal, post, pipeline 200km, storage 1000m;;technosphere;MEA;ecoinvent_cutoff_3.9_remind_SSP2-PkBudg500_2030
b40c17a43fd04e14965a3d5ff76f3fe0;carbon dioxide, captured from atmosphere and stored, with a sorbent-based direct air capture system, 100ktCO2, with industrial steam heat, and grid electricity;OAS;carbon dioxide, captured from atmosphere;;[];carbon dioxide, captured from atmosphere and stored, with a sorbent-based direct air capture system, 100ktCO2, with industrial steam heat, and grid electricity;-1.0;kilogram;carbon dioxide, captured from atmosphere;1.0;production;OAS;ecoinvent_cutoff_3.9_remind_SSP2-PkBudg500_2030
b4e761e9156e4a67895c604baaf7040a;carbon dioxide, captured from hard coal-fired power plant, post, pipeline 200km, storage 1000m;JPN;carbon dioxide, captured from hard coal-fired power plant, post, pipeline 200km, storage 1000m;;[];carbon dioxide, captured from hard coal-fired power plant, post, pipeline 200km, storage 1000m;-1.0;kilogram;carbon dioxide, captured from hard coal-fired power plant, post, pipeline 200km, storage 1000m;1.0;production;JPN;ecoinvent_cutoff_3.9_remind_SSP2-PkBudg500_2030
b4e761e9156e4a67895c604baaf7040a;carbon dioxide, captured from hard coal-fired power plant, post, pipeline 200km, storage 1000m;JPN;carbon dioxide, captured from hard coal-fired power plant, post, pipeline 200km, storage 1000m;;[];carbon dioxide storage from hard coal, post, pipeline 200km, storage 1000m;-1.0;kilogram;carbon dioxide storage from hard coal, post, pipeline 200km, storage 1000m;;technosphere;JPN;ecoinvent_cutoff_3.9_remind_SSP2-PkBudg500_2030
b52c8075571a4481b14da41c6169f2aa;carbon monoxide, from RWGS, for Fischer Tropsch process, hydrogen from electrolysis;USA;carbon monoxide, from RWGS;;[];carbon dioxide, captured from atmosphere, with a solvent-based direct air capture system, 1MtCO2, with heat pump heat, and grid electricity;-1.57;kilogram;carbon dioxide, captured from atmosphere;;technosphere;USA;ecoinvent_cutoff_3.9_remind_SSP2-PkBudg500_2030
b582ce8135464e49bd22fc6598ebd2e5;carbon dioxide, captured from atmosphere and stored, with a solvent-based direct air capture system, 1MtCO2;RER;carbon dioxide, captured from atmosphere;;[];carbon dioxide, captured from atmosphere and stored, with a solvent-based direct air capture system, 1MtCO2;-1.0;kilogram;carbon dioxide, captured from atmosphere;;production;RER;ecoinvent_cutoff_3.9_remind_SSP2-PkBudg500_2030
b5981362cca74226a837d4c385c4ebcf;electricity production, at hard coal-fired power plant, oxy, pipeline 200km, storage 1000m;REF;electricity, high voltage;;[];carbon dioxide, captured from hard coal-fired power plant, oxy, pipeline 200km, storage 1000m;-0.9576000000000001;kilogram;carbon dioxide, captured from hard coal-fired power plant, oxy, pipeline 200km, storage 1000m;;technosphere;REF;ecoinvent_cutoff_3.9_remind_SSP2-PkBudg500_2030
b5dc541f20c14eec982c87236bd40065;carbon dioxide storage at synthetic natural gas plant, post, 400km pipeline, storage 3000m;CAZ;carbon dioxide storage at synthetic natural gas plant, post, 400km pipeline, storage 3000m;;[];carbon dioxide storage at synthetic natural gas plant, post, 400km pipeline, storage 3000m;-1.0;kilogram;carbon dioxide storage at synthetic natural gas plant, post, 400km pipeline, storage 3000m;1.0;production;CAZ;ecoinvent_cutoff_3.9_remind_SSP2-PkBudg500_2030
b61f7063aa4e4f5db98bc3442233c031;methanol synthesis, hydrogen from electrolysis, CO2 from DAC;REF;methanol, unpurified;;[];carbon dioxide, captured from atmosphere, with a solvent-based direct air capture system, 1MtCO2, with heat pump heat, and grid electricity;-1.6904231625835189;kilogram;carbon dioxide, captured from atmosphere;;technosphere;REF;ecoinvent_cutoff_3.9_remind_SSP2-PkBudg500_2030
b64def98b2854e0fa6a97f4c80ef2816;carbon dioxide storage from lignite, pre, pipeline 200km, storage 1000m;NEU;carbon dioxide storage from lignite, pre, pipeline 200km, storage 1000m;;[];carbon dioxide storage from lignite, pre, pipeline 200km, storage 1000m;-1.0;kilogram;carbon dioxide storage from lignite, pre, pipeline 200km, storage 1000m;1.0;production;NEU;ecoinvent_cutoff_3.9_remind_SSP2-PkBudg500_2030
b64ec71c363642b98c86ef55e7efabe8;electricity production, at lignite-fired IGCC power plant, pre, pipeline 200km, storage 1000m;IND;electricity, high voltage;;[];carbon dioxide, captured from lignite, pre, pipeline 200km, storage 1000m;-0.8942267920455195;kilogram;carbon dioxide, captured from lignite, pre, pipeline 200km, storage 1000m;;technosphere;IND;ecoinvent_cutoff_3.9_remind_SSP2-PkBudg500_2030
b669fc3db2ee4243b7c958f0ed1b6027;carbon dioxide storage from natural gas, post, 200km pipeline, storage 1000m;IND;carbon dioxide storage from natural gas, post, 200km pipeline, storage 1000m;;[];carbon dioxide storage from natural gas, post, 200km pipeline, storage 1000m;-1.0;kilogram;carbon dioxide storage from natural gas, post, 200km pipeline, storage 1000m;1.0;production;IND;ecoinvent_cutoff_3.9_remind_SSP2-PkBudg500_2030
b67917802b3f4a9b9bf285bcdb6def8a;methanol synthesis, hydrogen from electrolysis, CO2 from DAC;World;methanol, unpurified;;[];carbon dioxide, captured from atmosphere, with a solvent-based direct air capture system, 1MtCO2, with heat pump heat, and grid electricity;-1.6904231625835189;kilogram;carbon dioxide, captured from atmosphere;;technosphere;World;ecoinvent_cutoff_3.9_remind_SSP2-PkBudg500_2030
b6b9c8a10ba34c3f9646d39a7de4916e;methanol synthesis, hydrogen from electrolysis, CO2 from DAC;USA;methanol, unpurified;;[];carbon dioxide, captured from atmosphere, with a solvent-based direct air capture system, 1MtCO2, with heat pump heat, and grid electricity;-1.6904231625835189;kilogram;carbon dioxide, captured from atmosphere;;technosphere;USA;ecoinvent_cutoff_3.9_remind_SSP2-PkBudg500_2030
b6f6b9becd8d489d9b2af8fd2c2f2092;carbon dioxide storage from hard coal, oxy, pipeline 400km, storage 3000m;CHA;carbon dioxide storage from hard coal, oxy, pipeline 400km, storage 3000m;;[];carbon dioxide storage from hard coal, oxy, pipeline 400km, storage 3000m;-1.0;kilogram;carbon dioxide storage from hard coal, oxy, pipeline 400km, storage 3000m;1.0;production;CHA;ecoinvent_cutoff_3.9_remind_SSP2-PkBudg500_2030
b755ff6b6acd446ba02933f19edfb549;carbon dioxide storage from lignite, pre, pipeline 400km, storage 3000m;NEU;carbon dioxide storage from lignite, pre, pipeline 400km, storage 3000m;;[];carbon dioxide storage from lignite, pre, pipeline 400km, storage 3000m;-1.0;kilogram;carbon dioxide storage from lignite, pre, pipeline 400km, storage 3000m;1.0;production;NEU;ecoinvent_cutoff_3.9_remind_SSP2-PkBudg500_2030
b84e1dd54e224683ac5f2ec1ef2ddd60;steel production, converter, unalloyed;World;steel, unalloyed;;[('ISIC rev.4 ecoinvent', '2410:Manufacture of basic iron and steel'), ('CPC', '41121: Non-alloy steel in ingots or other primary forms, and semi-finished products of non-alloy steel')];carbon dioxide, captured at steel production plant, with underground storage, post, 200 km;-0.013308036973421332;kilogram;carbon dioxide, captured and stored;0.0;technosphere;World;ecoinvent_cutoff_3.9_remind_SSP2-PkBudg500_2030
b8651468e1f24c648ca4105bcf3ba6f2;electricity production, at co-generation wood-fired power plant, post, pipeline 200km, storage 1000m;RER;electricity, high voltage;;[];carbon dioxide, captured at wood burning power plant 20 MW post, pipeline 200km, storage 1000m;-1.5115380122292617;kilogram;carbon dioxide, captured at wood burning power plant 20 MW post, pipeline 200km, storage 1000m;;technosphere;EUR;ecoinvent_cutoff_3.9_remind_SSP2-PkBudg500_2030
b8d7c642ab9c44a3b725bba154376907;electricity production, at hard coal-fired IGCC power plant, pre, pipeline 200km, storage 1000m;MEA;electricity, high voltage;;[];carbon dioxide, captured from hard coal-fired power plant, pre, pipeline 200km, storage 1000m;-0.7624481044452631;kilogram;carbon dioxide, captured from hard coal-fired power plant, pre, pipeline 200km, storage 1000m;;technosphere;MEA;ecoinvent_cutoff_3.9_remind_SSP2-PkBudg500_2030
b8e3531999b64037b532aae284b0d2ac;ethanol production, via fermentation, from miscanthus, with carbon capture and storage, energy allocation;IND;ethanol, from miscanthus;;[];carbon dioxide storage at wood burning power plant 20 MW post, pipeline 200km, storage 1000m;-4.826492542155434;kilogram;carbon dioxide storage at wood burning power plant 20 MW post, pipeline 200km, storage 1000m;;technosphere;IND;ecoinvent_cutoff_3.9_remind_SSP2-PkBudg500_2030
b8edc8561cce4933b0f6dabb9f5ffe41;electricity production, at biomethane-fired power plant, post, pipeline 200km, storage 1000m;RER;electricity, high voltage;;[];carbon dioxide, captured from natural gas, post, 200km pipeline, storage 1000m;-0.30541455;kilogram;carbon dioxide, captured from natural gas, post, 200km pipeline, storage 1000m;;technosphere;EUR;ecoinvent_cutoff_3.9_remind_SSP2-PkBudg500_2030
b9161685245d4484b41e12f7e22c908c;carbon dioxide, captured from hard coal-fired power plant, post, pipeline 200km, storage 1000m;OAS;carbon dioxide, captured from hard coal-fired power plant, post, pipeline 200km, storage 1000m;;[];carbon dioxide, captured from hard coal-fired power plant, post, pipeline 200km, storage 1000m;-1.0;kilogram;carbon dioxide, captured from hard coal-fired power plant, post, pipeline 200km, storage 1000m;1.0;production;OAS;ecoinvent_cutoff_3.9_remind_SSP2-PkBudg500_2030
b9161685245d4484b41e12f7e22c908c;carbon dioxide, captured from hard coal-fired power plant, post, pipeline 200km, storage 1000m;OAS;carbon dioxide, captured from hard coal-fired power plant, post, pipeline 200km, storage 1000m;;[];carbon dioxide storage from hard coal, post, pipeline 200km, storage 1000m;-1.0;kilogram;carbon dioxide storage from hard coal, post, pipeline 200km, storage 1000m;;technosphere;OAS;ecoinvent_cutoff_3.9_remind_SSP2-PkBudg500_2030
b91cff7eb69d4456b494bd63d4d15875;carbon dioxide storage at wood burning power plant 20 MW post, pipeline 200km, storage 1000m;JPN;carbon dioxide storage at wood burning power plant 20 MW post, pipeline 200km, storage 1000m;;[];carbon dioxide storage at wood burning power plant 20 MW post, pipeline 200km, storage 1000m;-1.0;kilogram;carbon dioxide storage at wood burning power plant 20 MW post, pipeline 200km, storage 1000m;1.0;production;JPN;ecoinvent_cutoff_3.9_remind_SSP2-PkBudg500_2030
b91e8fd297fb4346ba780e22ba0df232;steel production, electric, low-alloyed;CAZ;steel, low-alloyed;;[('EcoSpold01Categories', 'metals/extraction'), ('ISIC rev.4 ecoinvent', '2410:Manufacture of basic iron and steel'), ('CPC', '41122: Alloy steel in ingots or other primary forms and semi-finished products of alloy steel')];carbon dioxide, captured at steel production plant, with underground storage, post, 200 km;-0.014907457541759872;kilogram;carbon dioxide, captured and stored;0.0;technosphere;CAZ;ecoinvent_cutoff_3.9_remind_SSP2-PkBudg500_2030
b96d8c1afbb446f8a9455faae01259e6;electricity production, at biomass-fired IGCC power plant, pre, pipeline 200km, storage 1000m;EUR;electricity, high voltage;;[];carbon dioxide, captured at wood burning power plant 20 MW post, pipeline 200km, storage 1000m;-0.9143419354838712;kilogram;carbon dioxide, captured at wood burning power plant 20 MW post, pipeline 200km, storage 1000m;;technosphere;EUR;ecoinvent_cutoff_3.9_remind_SSP2-PkBudg500_2030
b98b8864304f43f2b017697a53c445d1;carbon dioxide storage from natural gas, pre, 200km pipeline, storage 1000m;MEA;carbon dioxide storage from natural gas, pre, 200km pipeline, storage 1000m;;[];carbon dioxide storage from natural gas, pre, 200km pipeline, storage 1000m;-1.0;kilogram;carbon dioxide storage from natural gas, pre, 200km pipeline, storage 1000m;1.0;production;MEA;ecoinvent_cutoff_3.9_remind_SSP2-PkBudg500_2030
b9f19b51c69f48eda5de7643ac07939a;carbon dioxide, captured at steel production plant, with underground storage, post, 200 km;OAS;carbon dioxide, captured and stored;;[];carbon dioxide, captured at steel production plant, with underground storage, post, 200 km;-1.0;kilogram;carbon dioxide, captured and stored;;production;OAS;ecoinvent_cutoff_3.9_remind_SSP2-PkBudg500_2030
b9f19b51c69f48eda5de7643ac07939a;carbon dioxide, captured at steel production plant, with underground storage, post, 200 km;OAS;carbon dioxide, captured and stored;;[];carbon dioxide storage from hard coal, post, pipeline 200km, storage 1000m;-1.0;kilogram;carbon dioxide storage from hard coal, post, pipeline 200km, storage 1000m;;technosphere;OAS;ecoinvent_cutoff_3.9_remind_SSP2-PkBudg500_2030
ba0250727c3b45a492a95bc1b19b356b;carbon dioxide storage from natural gas, post, 400km pipeline, storage 1000m;NEU;carbon dioxide storage from natural gas, post, 400km pipeline, storage 1000m;;[];carbon dioxide storage from natural gas, post, 400km pipeline, storage 1000m;-1.0;kilogram;carbon dioxide storage from natural gas, post, 400km pipeline, storage 1000m;1.0;production;NEU;ecoinvent_cutoff_3.9_remind_SSP2-PkBudg500_2030
ba2f579ec3ef4fdf8a365099dd76e7a1;electricity production, at natural gas-fired combined cycle power plant, post, pipeline 200km, storage 1000m;CHA;electricity, high voltage;;[];carbon dioxide, captured from natural gas, post, 200km pipeline, storage 1000m;-0.34995520934458324;kilogram;carbon dioxide, captured from natural gas, post, 200km pipeline, storage 1000m;;technosphere;CHA;ecoinvent_cutoff_3.9_remind_SSP2-PkBudg500_2030
ba51e9dbcd19448c898aeb2fd961a202;carbon dioxide storage from natural gas, pre, 400km pipeline, storage 3000m;CHA;carbon dioxide storage from natural gas, pre, 400km pipeline, storage 3000m;;[];carbon dioxide storage from natural gas, pre, 400km pipeline, storage 3000m;-1.0;kilogram;carbon dioxide storage from natural gas, pre, 400km pipeline, storage 3000m;1.0;production;CHA;ecoinvent_cutoff_3.9_remind_SSP2-PkBudg500_2030
ba5aa4bb00dd451a9bdda6f4e1c7d64b;hydrogen production, steam methane reforming, from biomethane, high and low temperature, with CCS (MDEA, 98% eff.), 26 bar;REF;hydrogen, gaseous, 26 bar;;[];carbon dioxide, captured at hydrogen production plant, pre, pipeline 200km, storage 1000m;-6.149690995325822;kilogram;carbon dioxide, captured at hydrogen production plant, pre, pipeline 200km, storage 1000m;;technosphere;RER;ecoinvent_cutoff_3.9_remind_SSP2-PkBudg500_2030
ba7450c9b2414304a1d5256a0eec26f4;carbon dioxide storage from natural gas, pre, 200km pipeline, storage 1000m;SSA;carbon dioxide storage from natural gas, pre, 200km pipeline, storage 1000m;;[];carbon dioxide storage from natural gas, pre, 200km pipeline, storage 1000m;-1.0;kilogram;carbon dioxide storage from natural gas, pre, 200km pipeline, storage 1000m;1.0;production;SSA;ecoinvent_cutoff_3.9_remind_SSP2-PkBudg500_2030
baccd5edbeec49f6a2a8e2609f96b03b;carbon dioxide storage at wood burning power plant 20 MW post, pipeline 400km, storage 3000m;OAS;carbon dioxide storage at wood burning power plant 20 MW post, pipeline 400km, storage 3000m;;[];carbon dioxide storage at wood burning power plant 20 MW post, pipeline 400km, storage 3000m;-1.0;kilogram;carbon dioxide storage at wood burning power plant 20 MW post, pipeline 400km, storage 3000m;1.0;production;OAS;ecoinvent_cutoff_3.9_remind_SSP2-PkBudg500_2030
bafa9ef8b1b7467aaae25e93dfaed013;electricity production, at natural gas-fired combined cycle power plant, post, pipeline 200km, storage 1000m;EUR;electricity, high voltage;;[];carbon dioxide, captured from natural gas, post, 200km pipeline, storage 1000m;-0.3618427175430433;kilogram;carbon dioxide, captured from natural gas, post, 200km pipeline, storage 1000m;;technosphere;EUR;ecoinvent_cutoff_3.9_remind_SSP2-PkBudg500_2030
bbbfad7dc5fe433c9e19bdbec6e9ed72;carbon dioxide storage from natural gas, post, 400km pipeline, storage 1000m;IND;carbon dioxide storage from natural gas, post, 400km pipeline, storage 1000m;;[];carbon dioxide storage from natural gas, post, 400km pipeline, storage 1000m;-1.0;kilogram;carbon dioxide storage from natural gas, post, 400km pipeline, storage 1000m;1.0;production;IND;ecoinvent_cutoff_3.9_remind_SSP2-PkBudg500_2030
bbc721b0839c4901ab453e229f1a7dac;carbon dioxide, captured from atmosphere, with a solvent-based direct air capture system, 1MtCO2, with heat pump heat, and grid electricity;REF;carbon dioxide, captured from atmosphere;;[];carbon dioxide, captured from atmosphere, with a solvent-based direct air capture system, 1MtCO2, with heat pump heat, and grid electricity;-1.0;kilogram;carbon dioxide, captured from atmosphere;1.0;production;REF;ecoinvent_cutoff_3.9_remind_SSP2-PkBudg500_2030
bbdf641a93f342d68febd70c97ed010b;syngas, from biomass gasification, pre, pipeline 200km, storage 1000m;RER;syngas, from biomass gasification, pre, pipeline 200km, storage 1000m;;[];carbon dioxide, captured at hydrogen production plant, pre, pipeline 200km, storage 1000m;-0.000607;kilogram;carbon dioxide, captured at hydrogen production plant, pre, pipeline 200km, storage 1000m;;technosphere;RER;ecoinvent_cutoff_3.9_remind_SSP2-PkBudg500_2030
bc3f1ac76e444cf1abc459c4d58a9c0b;carbon dioxide storage from hard coal, post, pipeline 400km, storage 3000m;MEA;carbon dioxide storage from hard coal, post, pipeline 400km, storage 3000m;;[];carbon dioxide storage from hard coal, post, pipeline 400km, storage 3000m;-1.0;kilogram;carbon dioxide storage from hard coal, post, pipeline 400km, storage 3000m;1.0;production;MEA;ecoinvent_cutoff_3.9_remind_SSP2-PkBudg500_2030
bc8d4187aa004485a4a0068d7fc265ff;carbon dioxide, captured from hard coal-fired power plant, post, pipeline 200km, storage 1000m;SSA;carbon dioxide, captured from hard coal-fired power plant, post, pipeline 200km, storage 1000m;;[];carbon dioxide, captured from hard coal-fired power plant, post, pipeline 200km, storage 1000m;-1.0;kilogram;carbon dioxide, captured from hard coal-fired power plant, post, pipeline 200km, storage 1000m;1.0;production;SSA;ecoinvent_cutoff_3.9_remind_SSP2-PkBudg500_2030
bc8d4187aa004485a4a0068d7fc265ff;carbon dioxide, captured from hard coal-fired power plant, post, pipeline 200km, storage 1000m;SSA;carbon dioxide, captured from hard coal-fired power plant, post, pipeline 200km, storage 1000m;;[];carbon dioxide storage from hard coal, post, pipeline 200km, storage 1000m;-1.0;kilogram;carbon dioxide storage from hard coal, post, pipeline 200km, storage 1000m;;technosphere;SSA;ecoinvent_cutoff_3.9_remind_SSP2-PkBudg500_2030
bc9986c8ae114b81aa8e2e3f859b62bd;carbon dioxide, captured at cement production plant, with underground storage, post, 200 km;NEU;carbon dioxide, captured and stored;;[];carbon dioxide, captured at cement production plant, with underground storage, post, 200 km;-1.0;kilogram;carbon dioxide, captured and stored;;production;NEU;ecoinvent_cutoff_3.9_remind_SSP2-PkBudg500_2030
bc9986c8ae114b81aa8e2e3f859b62bd;carbon dioxide, captured at cement production plant, with underground storage, post, 200 km;NEU;carbon dioxide, captured and stored;;[];carbon dioxide storage from hard coal, post, pipeline 200km, storage 1000m;-1.0;kilogram;carbon dioxide storage from hard coal, post, pipeline 200km, storage 1000m;;technosphere;NEU;ecoinvent_cutoff_3.9_remind_SSP2-PkBudg500_2030
bced39e0cdae4f28b2ad423ae86a9075;carbon dioxide storage from hard coal, post, pipeline 400km, storage 3000m;IND;carbon dioxide storage from hard coal, post, pipeline 400km, storage 3000m;;[];carbon dioxide storage from hard coal, post, pipeline 400km, storage 3000m;-1.0;kilogram;carbon dioxide storage from hard coal, post, pipeline 400km, storage 3000m;1.0;production;IND;ecoinvent_cutoff_3.9_remind_SSP2-PkBudg500_2030
bcfab823490544b096491a7c87b7061e;carbon dioxide storage from hard coal, post, pipeline 400km, storage 3000m;USA;carbon dioxide storage from hard coal, post, pipeline 400km, storage 3000m;;[];carbon dioxide storage from hard coal, post, pipeline 400km, storage 3000m;-1.0;kilogram;carbon dioxide storage from hard coal, post, pipeline 400km, storage 3000m;1.0;production;USA;ecoinvent_cutoff_3.9_remind_SSP2-PkBudg500_2030
bd269f868c3246a08fd0790cb75ea67f;carbon dioxide, captured from hard coal-fired power plant, pre, pipeline 200km, storage 1000m;CHA;carbon dioxide, captured from hard coal-fired power plant, pre, pipeline 200km, storage 1000m;;[];carbon dioxide, captured from hard coal-fired power plant, pre, pipeline 200km, storage 1000m;-1.0;kilogram;carbon dioxide, captured from hard coal-fired power plant, pre, pipeline 200km, storage 1000m;1.0;production;CHA;ecoinvent_cutoff_3.9_remind_SSP2-PkBudg500_2030
bd269f868c3246a08fd0790cb75ea67f;carbon dioxide, captured from hard coal-fired power plant, pre, pipeline 200km, storage 1000m;CHA;carbon dioxide, captured from hard coal-fired power plant, pre, pipeline 200km, storage 1000m;;[];carbon dioxide storage from hard coal, pre, pipeline 200km, storage 1000m;-1.0;kilogram;carbon dioxide storage from hard coal, pre, pipeline 200km, storage 1000m;;technosphere;CHA;ecoinvent_cutoff_3.9_remind_SSP2-PkBudg500_2030
bd2ce08a2fc3451c951231a4fa05adbb;carbon dioxide storage from natural gas, post, 400km pipeline, storage 3000m;World;carbon dioxide storage from natural gas, post, 400km pipeline, storage 3000m;;[];carbon dioxide storage from natural gas, post, 400km pipeline, storage 3000m;-1.0;kilogram;carbon dioxide storage from natural gas, post, 400km pipeline, storage 3000m;1.0;production;World;ecoinvent_cutoff_3.9_remind_SSP2-PkBudg500_2030
bd4e12c5fbc845fd9db41264514b53d7;carbon dioxide storage at hydrogen production plant, pre, pipeline 400km, storage 3000m;IND;carbon dioxide storage at hydrogen production plant, pre, pipeline 400km, storage 3000m;;[];carbon dioxide storage at hydrogen production plant, pre, pipeline 400km, storage 3000m;-1.0;kilogram;carbon dioxide storage at hydrogen production plant, pre, pipeline 400km, storage 3000m;1.0;production;IND;ecoinvent_cutoff_3.9_remind_SSP2-PkBudg500_2030
be59a113375c447da489151e4ab183a4;carbon dioxide storage from lignite, pre, pipeline 400km, storage 3000m;SSA;carbon dioxide storage from lignite, pre, pipeline 400km, storage 3000m;;[];carbon dioxide storage from lignite, pre, pipeline 400km, storage 3000m;-1.0;kilogram;carbon dioxide storage from lignite, pre, pipeline 400km, storage 3000m;1.0;production;SSA;ecoinvent_cutoff_3.9_remind_SSP2-PkBudg500_2030
bebab95b4baf4a84963159e1050c39bc;carbon dioxide storage at wood burning power plant 20 MW post, pipeline 400km, storage 3000m;MEA;carbon dioxide storage at wood burning power plant 20 MW post, pipeline 400km, storage 3000m;;[];carbon dioxide storage at wood burning power plant 20 MW post, pipeline 400km, storage 3000m;-1.0;kilogram;carbon dioxide storage at wood burning power plant 20 MW post, pipeline 400km, storage 3000m;1.0;production;MEA;ecoinvent_cutoff_3.9_remind_SSP2-PkBudg500_2030
bf2bc84a85244ebea4dd3ed82291dddd;electricity production, at lignite-fired power plant, oxy, pipeline 200km, storage 1000m;REF;electricity, high voltage;;[];carbon dioxide, captured from lignite, oxy, pipeline 200km, storage 1000m;-1.1237142857142859;kilogram;carbon dioxide, captured from lignite, oxy, pipeline 200km, storage 1000m;;technosphere;REF;ecoinvent_cutoff_3.9_remind_SSP2-PkBudg500_2030
bf4ab92936ce44a282986b05b0e0d914;carbon dioxide storage from lignite, pre, pipeline 400km, storage 3000m;MEA;carbon dioxide storage from lignite, pre, pipeline 400km, storage 3000m;;[];carbon dioxide storage from lignite, pre, pipeline 400km, storage 3000m;-1.0;kilogram;carbon dioxide storage from lignite, pre, pipeline 400km, storage 3000m;1.0;production;MEA;ecoinvent_cutoff_3.9_remind_SSP2-PkBudg500_2030
bf608cb812954c0489907498b27831e3;hydrogen production, gaseous, 25 bar, from gasification of woody biomass in entrained flow gasifier, with CCS, at gasification plant;EUR;hydrogen, gaseous, 25 bar;;[];carbon dioxide, captured at hydrogen production plant, pre, pipeline 200km, storage 1000m;-19.58557;kilogram;carbon dioxide, captured at hydrogen production plant, pre, pipeline 200km, storage 1000m;;technosphere;RER;ecoinvent_cutoff_3.9_remind_SSP2-PkBudg500_2030
bfa3228dcd234af4a9e11fef763d2793;methanol synthesis, hydrogen from electrolysis, CO2 from DAC;OAS;methanol, unpurified;;[];carbon dioxide, captured from atmosphere, with a solvent-based direct air capture system, 1MtCO2, with heat pump heat, and grid electricity;-1.6904231625835189;kilogram;carbon dioxide, captured from atmosphere;;technosphere;OAS;ecoinvent_cutoff_3.9_remind_SSP2-PkBudg500_2030
c0f82dbc1c2e440892c5a73b91bf9fb4;hydrogen production, steam methane reforming of natural gas, with CCS (MDEA, 98% eff.), 25 bar;EUR;hydrogen, gaseous, 25 bar;;[];carbon dioxide, captured at hydrogen production plant, pre, pipeline 200km, storage 1000m;-6.161167019605815;kilogram;carbon dioxide, captured at hydrogen production plant, pre, pipeline 200km, storage 1000m;;technosphere;RER;ecoinvent_cutoff_3.9_remind_SSP2-PkBudg500_2030
c29446a51b934deab889221bf8735da8;electricity production, at lignite-fired IGCC power plant, pre, pipeline 200km, storage 1000m;JPN;electricity, high voltage;;[];carbon dioxide, captured from lignite, pre, pipeline 200km, storage 1000m;-0.971918182510669;kilogram;carbon dioxide, captured from lignite, pre, pipeline 200km, storage 1000m;;technosphere;JPN;ecoinvent_cutoff_3.9_remind_SSP2-PkBudg500_2030
c2f2118de3fc42f3942f9ccd851a13ee;electricity production, at hard coal-fired power plant, post, pipeline 200km, storage 1000m;IND;electricity, high voltage;;[];carbon dioxide, captured from hard coal-fired power plant, post, pipeline 200km, storage 1000m;-0.9072000000000003;kilogram;carbon dioxide, captured from hard coal-fired power plant, post, pipeline 200km, storage 1000m;;technosphere;IND;ecoinvent_cutoff_3.9_remind_SSP2-PkBudg500_2030
c324ccfe987a4c0382453cb4fdcc4b65;carbon dioxide storage from natural gas, post, 400km pipeline, storage 3000m;EUR;carbon dioxide storage from natural gas, post, 400km pipeline, storage 3000m;;[];carbon dioxide storage from natural gas, post, 400km pipeline, storage 3000m;-1.0;kilogram;carbon dioxide storage from natural gas, post, 400km pipeline, storage 3000m;1.0;production;EUR;ecoinvent_cutoff_3.9_remind_SSP2-PkBudg500_2030
c32673ffd591412cb0597233e75d2b43;carbon dioxide, captured from natural gas, post, 200km pipeline, storage 1000m;REF;carbon dioxide, captured from natural gas, post, 200km pipeline, storage 1000m;;[];carbon dioxide, captured from natural gas, post, 200km pipeline, storage 1000m;-1.0;kilogram;carbon dioxide, captured from natural gas, post, 200km pipeline, storage 1000m;1.0;production;REF;ecoinvent_cutoff_3.9_remind_SSP2-PkBudg500_2030
c32673ffd591412cb0597233e75d2b43;carbon dioxide, captured from natural gas, post, 200km pipeline, storage 1000m;REF;carbon dioxide, captured from natural gas, post, 200km pipeline, storage 1000m;;[];carbon dioxide storage from natural gas, post, 200km pipeline, storage 1000m;-1.0;kilogram;carbon dioxide storage from natural gas, post, 200km pipeline, storage 1000m;;technosphere;REF;ecoinvent_cutoff_3.9_remind_SSP2-PkBudg500_2030
c3378a3d2d224cb0a86b7a92d9b91c55;methanol synthesis, hydrogen from electrolysis, CO2 from DAC;LAM;methanol, unpurified;;[];carbon dioxide, captured from atmosphere, with a solvent-based direct air capture system, 1MtCO2, with heat pump heat, and grid electricity;-1.6904231625835189;kilogram;carbon dioxide, captured from atmosphere;;technosphere;LAM;ecoinvent_cutoff_3.9_remind_SSP2-PkBudg500_2030
c35d826f29c64f8983834419cba7ab71;carbon dioxide, captured from natural gas, pre, 200km pipeline, storage 1000m;CAZ;carbon dioxide, captured from natural gas, pre, 200km pipeline, storage 1000m;;[];carbon dioxide, captured from natural gas, pre, 200km pipeline, storage 1000m;-1.0;kilogram;carbon dioxide, captured from natural gas, pre, 200km pipeline, storage 1000m;1.0;production;CAZ;ecoinvent_cutoff_3.9_remind_SSP2-PkBudg500_2030
c35d826f29c64f8983834419cba7ab71;carbon dioxide, captured from natural gas, pre, 200km pipeline, storage 1000m;CAZ;carbon dioxide, captured from natural gas, pre, 200km pipeline, storage 1000m;;[];carbon dioxide storage from natural gas, pre, 200km pipeline, storage 1000m;-1.0;kilogram;carbon dioxide storage from natural gas, pre, 200km pipeline, storage 1000m;;technosphere;CAZ;ecoinvent_cutoff_3.9_remind_SSP2-PkBudg500_2030
c3f82c08015d4a9b8e86b2edc834ca2e;carbon dioxide, captured from natural gas, pre, 200km pipeline, storage 1000m;NEU;carbon dioxide, captured from natural gas, pre, 200km pipeline, storage 1000m;;[];carbon dioxide, captured from natural gas, pre, 200km pipeline, storage 1000m;-1.0;kilogram;carbon dioxide, captured from natural gas, pre, 200km pipeline, storage 1000m;1.0;production;NEU;ecoinvent_cutoff_3.9_remind_SSP2-PkBudg500_2030
c3f82c08015d4a9b8e86b2edc834ca2e;carbon dioxide, captured from natural gas, pre, 200km pipeline, storage 1000m;NEU;carbon dioxide, captured from natural gas, pre, 200km pipeline, storage 1000m;;[];carbon dioxide storage from natural gas, pre, 200km pipeline, storage 1000m;-1.0;kilogram;carbon dioxide storage from natural gas, pre, 200km pipeline, storage 1000m;;technosphere;NEU;ecoinvent_cutoff_3.9_remind_SSP2-PkBudg500_2030
c405c561ec9e452b8eae05823edfa3b2;carbon dioxide storage from hard coal, post, pipeline 400km, storage 1000m;World;carbon dioxide storage from hard coal, post, pipeline 400km, storage 1000m;;[];carbon dioxide storage from hard coal, post, pipeline 400km, storage 1000m;-1.0;kilogram;carbon dioxide storage from hard coal, post, pipeline 400km, storage 1000m;1.0;production;World;ecoinvent_cutoff_3.9_remind_SSP2-PkBudg500_2030
c4148e8ca76e470faa5b929f499b20d9;carbon dioxide storage from natural gas, post, 200km pipeline, storage 1000m;CAZ;carbon dioxide storage from natural gas, post, 200km pipeline, storage 1000m;;[];carbon dioxide storage from natural gas, post, 200km pipeline, storage 1000m;-1.0;kilogram;carbon dioxide storage from natural gas, post, 200km pipeline, storage 1000m;1.0;production;CAZ;ecoinvent_cutoff_3.9_remind_SSP2-PkBudg500_2030
c445ef8f049540139ebb6415049e44b5;carbon dioxide storage from natural gas, pre, 200km pipeline, storage 1000m;REF;carbon dioxide storage from natural gas, pre, 200km pipeline, storage 1000m;;[];carbon dioxide storage from natural gas, pre, 200km pipeline, storage 1000m;-1.0;kilogram;carbon dioxide storage from natural gas, pre, 200km pipeline, storage 1000m;1.0;production;REF;ecoinvent_cutoff_3.9_remind_SSP2-PkBudg500_2030
c4893ee4a918476fb680f8edbfc0f279;carbon dioxide storage from hard coal, pre, pipeline 400km, storage 3000m;CAZ;carbon dioxide storage from hard coal, pre, pipeline 400km, storage 3000m;;[];carbon dioxide storage from hard coal, pre, pipeline 400km, storage 3000m;-1.0;kilogram;carbon dioxide storage from hard coal, pre, pipeline 400km, storage 3000m;1.0;production;CAZ;ecoinvent_cutoff_3.9_remind_SSP2-PkBudg500_2030
c50bedb1150646da8aa23187ccb1cead;hydrogen, from steam reforming of biomassgas, at reforming plant, pre, pipeline 400km, storage 3000m;RER;hydrogen, from steam reforming of biomassgas, at reforming plant, pre, pipeline 400km, storage 3000m;;[];carbon dioxide, captured at hydrogen production plant, pre, pipeline 200km, storage 1000m;-0.0496;kilogram;carbon dioxide, captured at hydrogen production plant, pre, pipeline 200km, storage 1000m;;technosphere;RER;ecoinvent_cutoff_3.9_remind_SSP2-PkBudg500_2030
c5169b6728774436a1ddfb3b89106700;electricity production, at natural gas-fired combined cycle power plant, post, pipeline 200km, storage 1000m;SSA;electricity, high voltage;;[];carbon dioxide, captured from natural gas, post, 200km pipeline, storage 1000m;-0.3197675193608261;kilogram;carbon dioxide, captured from natural gas, post, 200km pipeline, storage 1000m;;technosphere;SSA;ecoinvent_cutoff_3.9_remind_SSP2-PkBudg500_2030
c52a9f9538a04f2d844b532b530d7eab;carbon dioxide, captured from atmosphere, with a sorbent-based direct air capture system, 100ktCO2, with industrial steam heat, and grid electricity;World;carbon dioxide, captured from atmosphere;;[];carbon dioxide, captured from atmosphere, with a sorbent-based direct air capture system, 100ktCO2, with industrial steam heat, and grid electricity;-1.0;kilogram;carbon dioxide, captured from atmosphere;1.0;production;World;ecoinvent_cutoff_3.9_remind_SSP2-PkBudg500_2030
c537d7c365e64f2a96cf502998576eb5;methane, from electrochemical methanation, with carbon from atmosphere, using heat pump heat;LAM;methane, from electrochemical methanation;;[];carbon dioxide, captured from atmosphere, with a solvent-based direct air capture system, 1MtCO2, with heat pump heat, and grid electricity;-2.750348675034868;kilogram;carbon dioxide, captured from atmosphere;;technosphere;LAM;ecoinvent_cutoff_3.9_remind_SSP2-PkBudg500_2030
c5853e3175ab47ca8f82aa6ebb07f345;carbon dioxide storage from lignite, pre, pipeline 400km, storage 3000m;JPN;carbon dioxide storage from lignite, pre, pipeline 400km, storage 3000m;;[];carbon dioxide storage from lignite, pre, pipeline 400km, storage 3000m;-1.0;kilogram;carbon dioxide storage from lignite, pre, pipeline 400km, storage 3000m;1.0;production;JPN;ecoinvent_cutoff_3.9_remind_SSP2-PkBudg500_2030
c5be05f0035c401aa92c1c26a21fafd7;carbon dioxide storage from natural gas, post, 200km pipeline, storage 1000m;MEA;carbon dioxide storage from natural gas, post, 200km pipeline, storage 1000m;;[];carbon dioxide storage from natural gas, post, 200km pipeline, storage 1000m;-1.0;kilogram;carbon dioxide storage from natural gas, post, 200km pipeline, storage 1000m;1.0;production;MEA;ecoinvent_cutoff_3.9_remind_SSP2-PkBudg500_2030
c5c0f37a655d426d83752367c46a72f1;hydrogen production, gaseous, 25 bar, from gasification of woody biomass in entrained flow gasifier, with CCS, at gasification plant;NEU;hydrogen, gaseous, 25 bar;;[];carbon dioxide, captured at hydrogen production plant, pre, pipeline 200km, storage 1000m;-19.58557;kilogram;carbon dioxide, captured at hydrogen production plant, pre, pipeline 200km, storage 1000m;;technosphere;RER;ecoinvent_cutoff_3.9_remind_SSP2-PkBudg500_2030
c5da7673c547426e9dca38e2b6bf34de;methane, from biological methanation, with carbon from atmosphere, using heat pump heat;LAM;methane, from biological methanation;;[];carbon dioxide, captured from atmosphere, with a solvent-based direct air capture system, 1MtCO2, with heat pump heat, and grid electricity;-2.75;kilogram;carbon dioxide, captured from atmosphere;;technosphere;LAM;ecoinvent_cutoff_3.9_remind_SSP2-PkBudg500_2030
c5dd3b95deeb4b94965d68edecd90a20;carbon dioxide storage from lignite, post, pipeline 200km, storage 1000m;IND;carbon dioxide storage from lignite, post, pipeline 200km, storage 1000m;;[];carbon dioxide storage from lignite, post, pipeline 200km, storage 1000m;-1.0;kilogram;carbon dioxide storage from lignite, post, pipeline 200km, storage 1000m;1.0;production;IND;ecoinvent_cutoff_3.9_remind_SSP2-PkBudg500_2030
c5e0089860ff428d904eb491f18323ec;pig iron production;LAM;pig iron;;[('ISIC rev.4 ecoinvent', '2410:Manufacture of basic iron and steel'), ('CPC', '41111: Pig iron and spiegeleisen in pigs, blocks or other primary forms')];carbon dioxide, captured at steel production plant, with underground storage, post, 200 km;-0.2542765903230748;kilogram;carbon dioxide, captured and stored;0.0;technosphere;LAM;ecoinvent_cutoff_3.9_remind_SSP2-PkBudg500_2030
c60af866ed8042d0a26261c0e95bb736;methane, from biological methanation, with carbon from atmosphere, using waste heat;JPN;methane, from biological methanation;;[];carbon dioxide, captured from atmosphere, with a sorbent-based direct air capture system, 100ktCO2, with waste heat, and grid electricity;-2.75;kilogram;carbon dioxide, captured from atmosphere;;technosphere;JPN;ecoinvent_cutoff_3.9_remind_SSP2-PkBudg500_2030
c68ecd5772054b40a189ec00a0611b2f;carbon dioxide storage from hard coal, post, pipeline 400km, storage 1000m;USA;carbon dioxide storage from hard coal, post, pipeline 400km, storage 1000m;;[];carbon dioxide storage from hard coal, post, pipeline 400km, storage 1000m;-1.0;kilogram;carbon dioxide storage from hard coal, post, pipeline 400km, storage 1000m;1.0;production;USA;ecoinvent_cutoff_3.9_remind_SSP2-PkBudg500_2030
c6bac0c096bb471fbe56c8624fe9d655;carbon dioxide storage from natural gas, pre, 400km pipeline, storage 3000m;IND;carbon dioxide storage from natural gas, pre, 400km pipeline, storage 3000m;;[];carbon dioxide storage from natural gas, pre, 400km pipeline, storage 3000m;-1.0;kilogram;carbon dioxide storage from natural gas, pre, 400km pipeline, storage 3000m;1.0;production;IND;ecoinvent_cutoff_3.9_remind_SSP2-PkBudg500_2030
c7164344902649f8a58898180d497880;carbon dioxide, captured from hard coal-fired power plant, post, pipeline 400km, storage 1000m;OAS;carbon dioxide, captured from hard coal-fired power plant, post, pipeline 400km, storage 1000m;;[];carbon dioxide, captured from hard coal-fired power plant, post, pipeline 400km, storage 1000m;-1.0;kilogram;carbon dioxide, captured from hard coal-fired power plant, post, pipeline 400km, storage 1000m;1.0;production;OAS;ecoinvent_cutoff_3.9_remind_SSP2-PkBudg500_2030
c7164344902649f8a58898180d497880;carbon dioxide, captured from hard coal-fired power plant, post, pipeline 400km, storage 1000m;OAS;carbon dioxide, captured from hard coal-fired power plant, post, pipeline 400km, storage 1000m;;[];carbon dioxide storage from hard coal, post, pipeline 400km, storage 1000m;-1.0;kilogram;carbon dioxide storage from hard coal, post, pipeline 400km, storage 1000m;;technosphere;OAS;ecoinvent_cutoff_3.9_remind_SSP2-PkBudg500_2030
c7394e3a43204b6a819cb597fe80fa12;carbon dioxide, captured from lignite, post, pipeline 200km, storage 1000m;REF;carbon dioxide, captured from lignite, post, pipeline 200km, storage 1000m;;[];carbon dioxide, captured from lignite, post, pipeline 200km, storage 1000m;-1.0;kilogram;carbon dioxide, captured from lignite, post, pipeline 200km, storage 1000m;1.0;production;REF;ecoinvent_cutoff_3.9_remind_SSP2-PkBudg500_2030
c7394e3a43204b6a819cb597fe80fa12;carbon dioxide, captured from lignite, post, pipeline 200km, storage 1000m;REF;carbon dioxide, captured from lignite, post, pipeline 200km, storage 1000m;;[];carbon dioxide storage from lignite, post, pipeline 200km, storage 1000m;-1.0;kilogram;carbon dioxide storage from lignite, post, pipeline 200km, storage 1000m;;technosphere;REF;ecoinvent_cutoff_3.9_remind_SSP2-PkBudg500_2030
c768c3a22e3743e29d0541e3a2eb9556;carbon dioxide storage from natural gas, post, 400km pipeline, storage 1000m;SSA;carbon dioxide storage from natural gas, post, 400km pipeline, storage 1000m;;[];carbon dioxide storage from natural gas, post, 400km pipeline, storage 1000m;-1.0;kilogram;carbon dioxide storage from natural gas, post, 400km pipeline, storage 1000m;1.0;production;SSA;ecoinvent_cutoff_3.9_remind_SSP2-PkBudg500_2030
c78d000880ba42f5b5b524c896166df5;carbon dioxide storage from hard coal, oxy, pipeline 200km, storage 1000m;LAM;carbon dioxide storage from hard coal, oxy, pipeline 200km, storage 1000m;;[];carbon dioxide storage from hard coal, oxy, pipeline 200km, storage 1000m;-1.0;kilogram;carbon dioxide storage from hard coal, oxy, pipeline 200km, storage 1000m;1.0;production;LAM;ecoinvent_cutoff_3.9_remind_SSP2-PkBudg500_2030
c79c087ef7874701873506d12ffb7ce4;carbon dioxide storage from lignite, post, pipeline 400km, storage 3000m;SSA;carbon dioxide storage from lignite, post, pipeline 400km, storage 3000m;;[];carbon dioxide storage from lignite, post, pipeline 400km, storage 3000m;-1.0;kilogram;carbon dioxide storage from lignite, post, pipeline 400km, storage 3000m;1.0;production;SSA;ecoinvent_cutoff_3.9_remind_SSP2-PkBudg500_2030
c7da97d67f7e4e4da1fa6a052e93a326;electricity production, at natural gas-fired combined cycle power plant, post, pipeline 200km, storage 1000m;REF;electricity, high voltage;;[];carbon dioxide, captured from natural gas, post, 200km pipeline, storage 1000m;-0.31810909090909084;kilogram;carbon dioxide, captured from natural gas, post, 200km pipeline, storage 1000m;;technosphere;REF;ecoinvent_cutoff_3.9_remind_SSP2-PkBudg500_2030
c83d91d9b7b24800b344f3b33759718a;carbon dioxide, captured at steel production plant, with underground storage, post, 200 km;JPN;carbon dioxide, captured and stored;;[];carbon dioxide, captured at steel production plant, with underground storage, post, 200 km;-1.0;kilogram;carbon dioxide, captured and stored;;production;JPN;ecoinvent_cutoff_3.9_remind_SSP2-PkBudg500_2030
c83d91d9b7b24800b344f3b33759718a;carbon dioxide, captured at steel production plant, with underground storage, post, 200 km;JPN;carbon dioxide, captured and stored;;[];carbon dioxide storage from hard coal, post, pipeline 200km, storage 1000m;-1.0;kilogram;carbon dioxide storage from hard coal, post, pipeline 200km, storage 1000m;;technosphere;JPN;ecoinvent_cutoff_3.9_remind_SSP2-PkBudg500_2030
c84f7206f4bd4d52964916163abf791f;carbon dioxide storage from lignite, post, pipeline 400km, storage 3000m;REF;carbon dioxide storage from lignite, post, pipeline 400km, storage 3000m;;[];carbon dioxide storage from lignite, post, pipeline 400km, storage 3000m;-1.0;kilogram;carbon dioxide storage from lignite, post, pipeline 400km, storage 3000m;1.0;production;REF;ecoinvent_cutoff_3.9_remind_SSP2-PkBudg500_2030
c8bdad8bb3ee4532a13d8de4018bbe19;electricity production, at hard coal-fired IGCC power plant, pre, pipeline 200km, storage 1000m;CHA;electricity, high voltage;;[];carbon dioxide, captured from hard coal-fired power plant, pre, pipeline 200km, storage 1000m;-0.7056000000000001;kilogram;carbon dioxide, captured from hard coal-fired power plant, pre, pipeline 200km, storage 1000m;;technosphere;CHA;ecoinvent_cutoff_3.9_remind_SSP2-PkBudg500_2030
c98034990b004748a3146760e7191389;steel production, converter, low-alloyed;NEU;steel, low-alloyed;;[('ISIC rev.4 ecoinvent', '2410:Manufacture of basic iron and steel'), ('CPC', '41122: Alloy steel in ingots or other primary forms and semi-finished products of alloy steel')];carbon dioxide, captured at steel production plant, with underground storage, post, 200 km;-0.022105370057676654;kilogram;carbon dioxide, captured and stored;0.0;technosphere;NEU;ecoinvent_cutoff_3.9_remind_SSP2-PkBudg500_2030
c9abd386de1648608b4806f6f6d41e2f;methane, from biological methanation, with carbon from atmosphere, using waste heat;OAS;methane, from biological methanation;;[];carbon dioxide, captured from atmosphere, with a sorbent-based direct air capture system, 100ktCO2, with waste heat, and grid electricity;-2.75;kilogram;carbon dioxide, captured from atmosphere;;technosphere;OAS;ecoinvent_cutoff_3.9_remind_SSP2-PkBudg500_2030
c9b926250a7f44c9a40004f3fd5ffa0a;carbon dioxide, captured from hard coal-fired power plant, post, pipeline 200km, storage 1000m;World;carbon dioxide, captured from hard coal-fired power plant, post, pipeline 200km, storage 1000m;;[];carbon dioxide, captured from hard coal-fired power plant, post, pipeline 200km, storage 1000m;-1.0;kilogram;carbon dioxide, captured from hard coal-fired power plant, post, pipeline 200km, storage 1000m;1.0;production;World;ecoinvent_cutoff_3.9_remind_SSP2-PkBudg500_2030
c9b926250a7f44c9a40004f3fd5ffa0a;carbon dioxide, captured from hard coal-fired power plant, post, pipeline 200km, storage 1000m;World;carbon dioxide, captured from hard coal-fired power plant, post, pipeline 200km, storage 1000m;;[];carbon dioxide storage from hard coal, post, pipeline 200km, storage 1000m;-1.0;kilogram;carbon dioxide storage from hard coal, post, pipeline 200km, storage 1000m;;technosphere;World;ecoinvent_cutoff_3.9_remind_SSP2-PkBudg500_2030
c9f19e74657f4f85a47b94da343c5bc6;carbon dioxide storage from lignite, post, pipeline 200km, storage 1000m;SSA;carbon dioxide storage from lignite, post, pipeline 200km, storage 1000m;;[];carbon dioxide storage from lignite, post, pipeline 200km, storage 1000m;-1.0;kilogram;carbon dioxide storage from lignite, post, pipeline 200km, storage 1000m;1.0;production;SSA;ecoinvent_cutoff_3.9_remind_SSP2-PkBudg500_2030
ca343da1ba7d46c38292393ddf524d81;electricity production, at lignite-fired power plant, oxy, pipeline 200km, storage 1000m;IND;electricity, high voltage;;[];carbon dioxide, captured from lignite, oxy, pipeline 200km, storage 1000m;-1.1237142857142859;kilogram;carbon dioxide, captured from lignite, oxy, pipeline 200km, storage 1000m;;technosphere;IND;ecoinvent_cutoff_3.9_remind_SSP2-PkBudg500_2030
ca34c454c1ea409181f0120a19593616;carbon dioxide storage from natural gas, post, 400km pipeline, storage 1000m;CAZ;carbon dioxide storage from natural gas, post, 400km pipeline, storage 1000m;;[];carbon dioxide storage from natural gas, post, 400km pipeline, storage 1000m;-1.0;kilogram;carbon dioxide storage from natural gas, post, 400km pipeline, storage 1000m;1.0;production;CAZ;ecoinvent_cutoff_3.9_remind_SSP2-PkBudg500_2030
ca508937f35f493f8585d32ff65bcd72;carbon dioxide storage from lignite, pre, pipeline 200km, storage 1000m;MEA;carbon dioxide storage from lignite, pre, pipeline 200km, storage 1000m;;[];carbon dioxide storage from lignite, pre, pipeline 200km, storage 1000m;-1.0;kilogram;carbon dioxide storage from lignite, pre, pipeline 200km, storage 1000m;1.0;production;MEA;ecoinvent_cutoff_3.9_remind_SSP2-PkBudg500_2030
cac4e4bb7864427fa1e842dc35067d75;carbon dioxide, captured from hard coal-fired power plant, post, pipeline 400km, storage 1000m;RER;carbon dioxide, captured from hard coal-fired power plant, post, pipeline 400km, storage 1000m;;[];carbon dioxide, captured from hard coal-fired power plant, post, pipeline 400km, storage 1000m;-1.0;kilogram;carbon dioxide, captured from hard coal-fired power plant, post, pipeline 400km, storage 1000m;;production;RER;ecoinvent_cutoff_3.9_remind_SSP2-PkBudg500_2030
cac4e4bb7864427fa1e842dc35067d75;carbon dioxide, captured from hard coal-fired power plant, post, pipeline 400km, storage 1000m;RER;carbon dioxide, captured from hard coal-fired power plant, post, pipeline 400km, storage 1000m;;[];carbon dioxide, captured from hard coal-fired power plant, post, pipeline 400km, storage 1000m;-1.0;kilogram;carbon dioxide, captured from hard coal-fired power plant, post, pipeline 400km, storage 1000m;;technosphere;EUR;ecoinvent_cutoff_3.9_remind_SSP2-PkBudg500_2030
cb411b85e6ca420796ce195e7bf60bcc;carbon dioxide, captured from hard coal-fired power plant, post, pipeline 400km, storage 1000m;CHA;carbon dioxide, captured from hard coal-fired power plant, post, pipeline 400km, storage 1000m;;[];carbon dioxide, captured from hard coal-fired power plant, post, pipeline 400km, storage 1000m;-1.0;kilogram;carbon dioxide, captured from hard coal-fired power plant, post, pipeline 400km, storage 1000m;1.0;production;CHA;ecoinvent_cutoff_3.9_remind_SSP2-PkBudg500_2030
cb411b85e6ca420796ce195e7bf60bcc;carbon dioxide, captured from hard coal-fired power plant, post, pipeline 400km, storage 1000m;CHA;carbon dioxide, captured from hard coal-fired power plant, post, pipeline 400km, storage 1000m;;[];carbon dioxide storage from hard coal, post, pipeline 400km, storage 1000m;-1.0;kilogram;carbon dioxide storage from hard coal, post, pipeline 400km, storage 1000m;;technosphere;CHA;ecoinvent_cutoff_3.9_remind_SSP2-PkBudg500_2030
cb51adf7058b4e5185210be2e7cb5ab9;carbon dioxide storage from lignite, pre, pipeline 400km, storage 3000m;EUR;carbon dioxide storage from lignite, pre, pipeline 400km, storage 3000m;;[];carbon dioxide storage from lignite, pre, pipeline 400km, storage 3000m;-1.0;kilogram;carbon dioxide storage from lignite, pre, pipeline 400km, storage 3000m;1.0;production;EUR;ecoinvent_cutoff_3.9_remind_SSP2-PkBudg500_2030
cbb661e8ffa04ceaacb0d216e64f49d8;carbon dioxide, captured from natural gas, post, 200km pipeline, storage 1000m;OAS;carbon dioxide, captured from natural gas, post, 200km pipeline, storage 1000m;;[];carbon dioxide, captured from natural gas, post, 200km pipeline, storage 1000m;-1.0;kilogram;carbon dioxide, captured from natural gas, post, 200km pipeline, storage 1000m;1.0;production;OAS;ecoinvent_cutoff_3.9_remind_SSP2-PkBudg500_2030
cbb661e8ffa04ceaacb0d216e64f49d8;carbon dioxide, captured from natural gas, post, 200km pipeline, storage 1000m;OAS;carbon dioxide, captured from natural gas, post, 200km pipeline, storage 1000m;;[];carbon dioxide storage from natural gas, post, 200km pipeline, storage 1000m;-1.0;kilogram;carbon dioxide storage from natural gas, post, 200km pipeline, storage 1000m;;technosphere;OAS;ecoinvent_cutoff_3.9_remind_SSP2-PkBudg500_2030
cbf3bf32f8d347d0adc837ab8db9d3f6;carbon dioxide storage from lignite, oxy, pipeline 200km, storage 1000m;RER;carbon dioxide storage from lignite, oxy, pipeline 200km, storage 1000m;;[];carbon dioxide storage from lignite, oxy, pipeline 200km, storage 1000m;-1.0;kilogram;carbon dioxide storage from lignite, oxy, pipeline 200km, storage 1000m;;production;RER;ecoinvent_cutoff_3.9_remind_SSP2-PkBudg500_2030
cbf3bf32f8d347d0adc837ab8db9d3f6;carbon dioxide storage from lignite, oxy, pipeline 200km, storage 1000m;RER;carbon dioxide storage from lignite, oxy, pipeline 200km, storage 1000m;;[];carbon dioxide storage from lignite, oxy, pipeline 200km, storage 1000m;-1.0;kilogram;carbon dioxide storage from lignite, oxy, pipeline 200km, storage 1000m;;technosphere;EUR;ecoinvent_cutoff_3.9_remind_SSP2-PkBudg500_2030
cc0a1024b17a4500be15218956fde532;carbon dioxide storage at hydrogen production plant, pre, pipeline 400km, storage 3000m;EUR;carbon dioxide storage at hydrogen production plant, pre, pipeline 400km, storage 3000m;;[];carbon dioxide storage at hydrogen production plant, pre, pipeline 400km, storage 3000m;-1.0;kilogram;carbon dioxide storage at hydrogen production plant, pre, pipeline 400km, storage 3000m;1.0;production;EUR;ecoinvent_cutoff_3.9_remind_SSP2-PkBudg500_2030
cc7d63459b6247a092f023786640147c;carbon dioxide storage from hard coal, post, pipeline 400km, storage 1000m;OAS;carbon dioxide storage from hard coal, post, pipeline 400km, storage 1000m;;[];carbon dioxide storage from hard coal, post, pipeline 400km, storage 1000m;-1.0;kilogram;carbon dioxide storage from hard coal, post, pipeline 400km, storage 1000m;1.0;production;OAS;ecoinvent_cutoff_3.9_remind_SSP2-PkBudg500_2030
cc80dc8096a74086ab1cee85183c6bc9;carbon dioxide storage from hard coal, pre, pipeline 200km, storage 1000m;CAZ;carbon dioxide storage from hard coal, pre, pipeline 200km, storage 1000m;;[];carbon dioxide storage from hard coal, pre, pipeline 200km, storage 1000m;-1.0;kilogram;carbon dioxide storage from hard coal, pre, pipeline 200km, storage 1000m;1.0;production;CAZ;ecoinvent_cutoff_3.9_remind_SSP2-PkBudg500_2030
cca95a75903b4b1c950a038019e93808;methane, from biological methanation, with carbon from cement plant;RER;methane, from biological methanation;;[];carbon dioxide, captured at cement production plant, for subsequent reuse;-2.75;kilogram;carbon dioxide, captured and reused;;technosphere;RER;ecoinvent_cutoff_3.9_remind_SSP2-PkBudg500_2030
ccc0eaef2b214a9b9a93fef6c838f4d6;carbon dioxide storage at hydrogen production plant, pre, pipeline 200km, storage 1000m;EUR;carbon dioxide storage at hydrogen production plant, pre, pipeline 200km, storage 1000m;;[];carbon dioxide storage at hydrogen production plant, pre, pipeline 200km, storage 1000m;-1.0;kilogram;carbon dioxide storage at hydrogen production plant, pre, pipeline 200km, storage 1000m;1.0;production;EUR;ecoinvent_cutoff_3.9_remind_SSP2-PkBudg500_2030
ccdae0a41c8f4a06a7144069b638d88f;carbon dioxide, captured from atmosphere and stored, with a solvent-based direct air capture system, 1MtCO2, with heat pump heat, and grid electricity;CAZ;carbon dioxide, captured from atmosphere;;[];carbon dioxide, captured from atmosphere and stored, with a solvent-based direct air capture system, 1MtCO2, with heat pump heat, and grid electricity;-1.0;kilogram;carbon dioxide, captured from atmosphere;1.0;production;CAZ;ecoinvent_cutoff_3.9_remind_SSP2-PkBudg500_2030
cd46da6ea8de40e3b5119ee6b873d9b5;methane, from electrochemical methanation, with carbon from atmosphere, using waste heat;OAS;methane, from electrochemical methanation;;[];carbon dioxide, captured from atmosphere, with a sorbent-based direct air capture system, 100ktCO2, with waste heat, and grid electricity;-2.750348675034868;kilogram;carbon dioxide, captured from atmosphere;;technosphere;OAS;ecoinvent_cutoff_3.9_remind_SSP2-PkBudg500_2030
cda0ea86d8dc40c69bc3172142967e7f;electricity production, at lignite-fired power plant, post, pipeline 200km, storage 1000m;OAS;electricity, high voltage;;[];carbon dioxide, captured from lignite, post, pipeline 200km, storage 1000m;-1.0645714285714285;kilogram;carbon dioxide, captured from lignite, post, pipeline 200km, storage 1000m;;technosphere;OAS;ecoinvent_cutoff_3.9_remind_SSP2-PkBudg500_2030
cdb9405777bb43df8a332fa3cdc259fa;hydrogen production, steam methane reforming, from biomethane, high and low temperature, with CCS (MDEA, 98% eff.), 26 bar;LAM;hydrogen, gaseous, 26 bar;;[];carbon dioxide, captured at hydrogen production plant, pre, pipeline 200km, storage 1000m;-6.149690995325822;kilogram;carbon dioxide, captured at hydrogen production plant, pre, pipeline 200km, storage 1000m;;technosphere;RER;ecoinvent_cutoff_3.9_remind_SSP2-PkBudg500_2030
cdc9f14961dc4512a4fae64b414f16f2;methanol synthesis, hydrogen from electrolysis, CO2 from DAC;JPN;methanol, unpurified;;[];carbon dioxide, captured from atmosphere, with a solvent-based direct air capture system, 1MtCO2, with heat pump heat, and grid electricity;-1.6904231625835189;kilogram;carbon dioxide, captured from atmosphere;;technosphere;JPN;ecoinvent_cutoff_3.9_remind_SSP2-PkBudg500_2030
cea86c2a620340a0b336a046aa549b5b;carbon dioxide storage from natural gas, post, 400km pipeline, storage 1000m;JPN;carbon dioxide storage from natural gas, post, 400km pipeline, storage 1000m;;[];carbon dioxide storage from natural gas, post, 400km pipeline, storage 1000m;-1.0;kilogram;carbon dioxide storage from natural gas, post, 400km pipeline, storage 1000m;1.0;production;JPN;ecoinvent_cutoff_3.9_remind_SSP2-PkBudg500_2030
cf1ab0b5f4e3489688edc717eef2795b;ethanol production, via fermentation, from corn, with carbon capture and storage, economic allocation;US;ethanol, from corn;;[];carbon dioxide storage at wood burning power plant 20 MW post, pipeline 200km, storage 1000m;-2.1594323643955984;kilogram;carbon dioxide storage at wood burning power plant 20 MW post, pipeline 200km, storage 1000m;;technosphere;USA;ecoinvent_cutoff_3.9_remind_SSP2-PkBudg500_2030
cf2d73675f2f4650a5196a7ff4e8b876;methane, from electrochemical methanation, with carbon from atmosphere, using waste heat;USA;methane, from electrochemical methanation;;[];carbon dioxide, captured from atmosphere, with a sorbent-based direct air capture system, 100ktCO2, with waste heat, and grid electricity;-2.750348675034868;kilogram;carbon dioxide, captured from atmosphere;;technosphere;USA;ecoinvent_cutoff_3.9_remind_SSP2-PkBudg500_2030
cf80ea8e270844bca0ba9a7cad20fefa;steel production, converter, unalloyed;EUR;steel, unalloyed;;[('ISIC rev.4 ecoinvent', '2410:Manufacture of basic iron and steel'), ('CPC', '41121: Non-alloy steel in ingots or other primary forms, and semi-finished products of non-alloy steel')];carbon dioxide, captured at steel production plant, with underground storage, post, 200 km;-0.01916490592119141;kilogram;carbon dioxide, captured and stored;0.0;technosphere;EUR;ecoinvent_cutoff_3.9_remind_SSP2-PkBudg500_2030
cfa48190e1604c619c84cd2ef86c60f5;carbon dioxide storage from lignite, pre, pipeline 200km, storage 1000m;OAS;carbon dioxide storage from lignite, pre, pipeline 200km, storage 1000m;;[];carbon dioxide storage from lignite, pre, pipeline 200km, storage 1000m;-1.0;kilogram;carbon dioxide storage from lignite, pre, pipeline 200km, storage 1000m;1.0;production;OAS;ecoinvent_cutoff_3.9_remind_SSP2-PkBudg500_2030
cfbaffbaafda4f08996aa9a61cdf67e1;carbon dioxide storage from lignite, oxy, pipeline 200km, storage 1000m;World;carbon dioxide storage from lignite, oxy, pipeline 200km, storage 1000m;;[];carbon dioxide storage from lignite, oxy, pipeline 200km, storage 1000m;-1.0;kilogram;carbon dioxide storage from lignite, oxy, pipeline 200km, storage 1000m;1.0;production;World;ecoinvent_cutoff_3.9_remind_SSP2-PkBudg500_2030
d00ff6d4353d4e34aaf6a77a113d70d7;carbon dioxide storage from lignite, oxy, pipeline 400km, storage 3000m;World;carbon dioxide storage from lignite, oxy, pipeline 400km, storage 3000m;;[];carbon dioxide storage from lignite, oxy, pipeline 400km, storage 3000m;-1.0;kilogram;carbon dioxide storage from lignite, oxy, pipeline 400km, storage 3000m;1.0;production;World;ecoinvent_cutoff_3.9_remind_SSP2-PkBudg500_2030
d01d2228abfb49438c03ddf4a31f9bc0;carbon dioxide, captured from atmosphere, with a sorbent-based direct air capture system, 100ktCO2, with heat pump heat, and grid electricity;JPN;carbon dioxide, captured from atmosphere;;[];carbon dioxide, captured from atmosphere, with a sorbent-based direct air capture system, 100ktCO2, with heat pump heat, and grid electricity;-1.0;kilogram;carbon dioxide, captured from atmosphere;1.0;production;JPN;ecoinvent_cutoff_3.9_remind_SSP2-PkBudg500_2030
d0238928d1da4cf9b04ff013749d5bb7;carbon dioxide, captured from natural gas, pre, 200km pipeline, storage 1000m;RER;carbon dioxide, captured from natural gas, pre, 200km pipeline, storage 1000m;;[];carbon dioxide, captured from natural gas, pre, 200km pipeline, storage 1000m;-1.0;kilogram;carbon dioxide, captured from natural gas, pre, 200km pipeline, storage 1000m;;production;RER;ecoinvent_cutoff_3.9_remind_SSP2-PkBudg500_2030
d0238928d1da4cf9b04ff013749d5bb7;carbon dioxide, captured from natural gas, pre, 200km pipeline, storage 1000m;RER;carbon dioxide, captured from natural gas, pre, 200km pipeline, storage 1000m;;[];carbon dioxide, captured from natural gas, pre, 200km pipeline, storage 1000m;-1.0;kilogram;carbon dioxide, captured from natural gas, pre, 200km pipeline, storage 1000m;;technosphere;EUR;ecoinvent_cutoff_3.9_remind_SSP2-PkBudg500_2030
d02b181ddbb04dc9b8ac9ea01b8eb95e;carbon dioxide, captured from hard coal-fired power plant, oxy, pipeline 200km, storage 1000m;World;carbon dioxide, captured from hard coal-fired power plant, oxy, pipeline 200km, storage 1000m;;[];carbon dioxide, captured from hard coal-fired power plant, oxy, pipeline 200km, storage 1000m;-1.0;kilogram;carbon dioxide, captured from hard coal-fired power plant, oxy, pipeline 200km, storage 1000m;1.0;production;World;ecoinvent_cutoff_3.9_remind_SSP2-PkBudg500_2030
d02b181ddbb04dc9b8ac9ea01b8eb95e;carbon dioxide, captured from hard coal-fired power plant, oxy, pipeline 200km, storage 1000m;World;carbon dioxide, captured from hard coal-fired power plant, oxy, pipeline 200km, storage 1000m;;[];carbon dioxide storage from hard coal, oxy, pipeline 200km, storage 1000m;-1.0;kilogram;carbon dioxide storage from hard coal, oxy, pipeline 200km, storage 1000m;;technosphere;World;ecoinvent_cutoff_3.9_remind_SSP2-PkBudg500_2030
d05c7e5d417b47429ea21309c0fd5f94;hydrogen production, steam methane reforming, from biomethane, high and low temperature, with CCS (MDEA, 98% eff.), 26 bar;CAZ;hydrogen, gaseous, 26 bar;;[];carbon dioxide, captured at hydrogen production plant, pre, pipeline 200km, storage 1000m;-6.149690995325822;kilogram;carbon dioxide, captured at hydrogen production plant, pre, pipeline 200km, storage 1000m;;technosphere;RER;ecoinvent_cutoff_3.9_remind_SSP2-PkBudg500_2030
d0c65f5c34434f9ba3ea541a0da057bf;hydrogen production, gaseous, 25 bar, from gasification of woody biomass in entrained flow gasifier, with CCS, at gasification plant;World;hydrogen, gaseous, 25 bar;;[];carbon dioxide, captured at hydrogen production plant, pre, pipeline 200km, storage 1000m;-19.58557;kilogram;carbon dioxide, captured at hydrogen production plant, pre, pipeline 200km, storage 1000m;;technosphere;RER;ecoinvent_cutoff_3.9_remind_SSP2-PkBudg500_2030
d13f31e0ce62403594333e7603e03e29;ethanol production, via fermentation, from switchgrass, with carbon capture and storage, energy allocation;EUR;ethanol, from switchgrass;;[];carbon dioxide storage at wood burning power plant 20 MW post, pipeline 200km, storage 1000m;-3.6597753976440037;kilogram;carbon dioxide storage at wood burning power plant 20 MW post, pipeline 200km, storage 1000m;;technosphere;EUR;ecoinvent_cutoff_3.9_remind_SSP2-PkBudg500_2030
d140eb39a3044427b36d733e1a4400fc;carbon dioxide storage from lignite, pre, pipeline 400km, storage 3000m;REF;carbon dioxide storage from lignite, pre, pipeline 400km, storage 3000m;;[];carbon dioxide storage from lignite, pre, pipeline 400km, storage 3000m;-1.0;kilogram;carbon dioxide storage from lignite, pre, pipeline 400km, storage 3000m;1.0;production;REF;ecoinvent_cutoff_3.9_remind_SSP2-PkBudg500_2030
d26f0cebe9cf4236bc9944d26a15e19c;carbon dioxide storage at synthetic natural gas plant, post, 400km pipeline, storage 3000m;EUR;carbon dioxide storage at synthetic natural gas plant, post, 400km pipeline, storage 3000m;;[];carbon dioxide storage at synthetic natural gas plant, post, 400km pipeline, storage 3000m;-1.0;kilogram;carbon dioxide storage at synthetic natural gas plant, post, 400km pipeline, storage 3000m;1.0;production;EUR;ecoinvent_cutoff_3.9_remind_SSP2-PkBudg500_2030
d2814bce52984b5abc72e57376d8e343;carbon dioxide storage from hard coal, pre, pipeline 200km, storage 1000m;JPN;carbon dioxide storage from hard coal, pre, pipeline 200km, storage 1000m;;[];carbon dioxide storage from hard coal, pre, pipeline 200km, storage 1000m;-1.0;kilogram;carbon dioxide storage from hard coal, pre, pipeline 200km, storage 1000m;1.0;production;JPN;ecoinvent_cutoff_3.9_remind_SSP2-PkBudg500_2030
d293cf714ced4db6b7c781012a6583e9;electricity production, at lignite-fired IGCC power plant, pre, pipeline 200km, storage 1000m;CAZ;electricity, high voltage;;[];carbon dioxide, captured from lignite, pre, pipeline 200km, storage 1000m;-0.944060083642959;kilogram;carbon dioxide, captured from lignite, pre, pipeline 200km, storage 1000m;;technosphere;CAZ;ecoinvent_cutoff_3.9_remind_SSP2-PkBudg500_2030
d29d012362db43429f42c6e28027db48;carbon dioxide, captured from hard coal-fired power plant, post, pipeline 200km, storage 1000m;MEA;carbon dioxide, captured from hard coal-fired power plant, post, pipeline 200km, storage 1000m;;[];carbon dioxide, captured from hard coal-fired power plant, post, pipeline 200km, storage 1000m;-1.0;kilogram;carbon dioxide, captured from hard coal-fired power plant, post, pipeline 200km, storage 1000m;1.0;production;MEA;ecoinvent_cutoff_3.9_remind_SSP2-PkBudg500_2030
d29d012362db43429f42c6e28027db48;carbon dioxide, captured from hard coal-fired power plant, post, pipeline 200km, storage 1000m;MEA;carbon dioxide, captured from hard coal-fired power plant, post, pipeline 200km, storage 1000m;;[];carbon dioxide storage from hard coal, post, pipeline 200km, storage 1000m;-1.0;kilogram;carbon dioxide storage from hard coal, post, pipeline 200km, storage 1000m;;technosphere;MEA;ecoinvent_cutoff_3.9_remind_SSP2-PkBudg500_2030
d32c73039d0448bab7cfe16829089120;carbon dioxide storage from hard coal, post, pipeline 200km, storage 1000m;LAM;carbon dioxide storage from hard coal, post, pipeline 200km, storage 1000m;;[];carbon dioxide storage from hard coal, post, pipeline 200km, storage 1000m;-1.0;kilogram;carbon dioxide storage from hard coal, post, pipeline 200km, storage 1000m;1.0;production;LAM;ecoinvent_cutoff_3.9_remind_SSP2-PkBudg500_2030
d3368e845a5840c18caa9f5fa0f7c765;electricity production, at biomass-fired IGCC power plant, pre, pipeline 200km, storage 1000m;OAS;electricity, high voltage;;[];carbon dioxide, captured at wood burning power plant 20 MW post, pipeline 200km, storage 1000m;-0.9143419354838712;kilogram;carbon dioxide, captured at wood burning power plant 20 MW post, pipeline 200km, storage 1000m;;technosphere;OAS;ecoinvent_cutoff_3.9_remind_SSP2-PkBudg500_2030
d337f048a38c481393b4dfff46b34c55;electricity production, at biomass-fired IGCC power plant, pre, pipeline 200km, storage 1000m;CHA;electricity, high voltage;;[];carbon dioxide, captured at wood burning power plant 20 MW post, pipeline 200km, storage 1000m;-0.9143419354838712;kilogram;carbon dioxide, captured at wood burning power plant 20 MW post, pipeline 200km, storage 1000m;;technosphere;CHA;ecoinvent_cutoff_3.9_remind_SSP2-PkBudg500_2030
d3948ae492ee43c681b085e3e852a0a8;ethanol production, via fermentation, from eucalyptus, with carbon capture and storage;ES;ethanol, from eucalyptus;;[];carbon dioxide storage at wood burning power plant 20 MW post, pipeline 200km, storage 1000m;-4.095;kilogram;carbon dioxide storage at wood burning power plant 20 MW post, pipeline 200km, storage 1000m;;technosphere;EUR;ecoinvent_cutoff_3.9_remind_SSP2-PkBudg500_2030
d4057b37fba54beea1c0e9dd73b325ae;carbon dioxide storage from hard coal, post, pipeline 400km, storage 3000m;OAS;carbon dioxide storage from hard coal, post, pipeline 400km, storage 3000m;;[];carbon dioxide storage from hard coal, post, pipeline 400km, storage 3000m;-1.0;kilogram;carbon dioxide storage from hard coal, post, pipeline 400km, storage 3000m;1.0;production;OAS;ecoinvent_cutoff_3.9_remind_SSP2-PkBudg500_2030
d427e11601184c9395e3f972dbf5a9e3;carbon dioxide storage at synthetic natural gas plant, post, 200km pipeline, storage 1000m;CHA;carbon dioxide storage at synthetic natural gas plant, post, 200km pipeline, storage 1000m;;[];carbon dioxide storage at synthetic natural gas plant, post, 200km pipeline, storage 1000m;-1.0;kilogram;carbon dioxide storage at synthetic natural gas plant, post, 200km pipeline, storage 1000m;1.0;production;CHA;ecoinvent_cutoff_3.9_remind_SSP2-PkBudg500_2030
d4a61f125a8a45729e4497251c091e88;carbon dioxide storage from hard coal, post, pipeline 400km, storage 1000m;IND;carbon dioxide storage from hard coal, post, pipeline 400km, storage 1000m;;[];carbon dioxide storage from hard coal, post, pipeline 400km, storage 1000m;-1.0;kilogram;carbon dioxide storage from hard coal, post, pipeline 400km, storage 1000m;1.0;production;IND;ecoinvent_cutoff_3.9_remind_SSP2-PkBudg500_2030
d4c3b838c7764358ba25b6039ea156b1;methane, from electrochemical methanation, with carbon from atmosphere;RER;methane, from electrochemical methanation;;[];carbon dioxide, captured from atmosphere, with a sorbent-based direct air capture system, 100ktCO2;-2.750348675034868;kilogram;carbon dioxide, captured from atmosphere;;technosphere;RER;ecoinvent_cutoff_3.9_remind_SSP2-PkBudg500_2030
d53628c3b1ea416db2c9b8d4a872dec8;clinker production;World;clinker;;[('ISIC rev.4 ecoinvent', '2394:Manufacture of cement, lime and plaster'), ('CPC', '37430: Cement clinkers')];carbon dioxide, captured at cement production plant, with underground storage, post, 200 km;-0.004250591967265986;kilogram;carbon dioxide, captured and stored;0.0;technosphere;World;ecoinvent_cutoff_3.9_remind_SSP2-PkBudg500_2030
d53e2aaece00479aaec2be9ff745749f;methane, from electrochemical methanation, with carbon from atmosphere, using waste heat;REF;methane, from electrochemical methanation;;[];carbon dioxide, captured from atmosphere, with a sorbent-based direct air capture system, 100ktCO2, with waste heat, and grid electricity;-2.750348675034868;kilogram;carbon dioxide, captured from atmosphere;;technosphere;REF;ecoinvent_cutoff_3.9_remind_SSP2-PkBudg500_2030
d5474a7cab914c2b95b4c9b545310258;hydrogen production, gaseous, 30 bar, from hard coal gasification and reforming, with CCS, at coal gasification plant;MEA;hydrogen, gaseous, 30 bar;;[];carbon dioxide, captured at hydrogen production plant, pre, pipeline 400km, storage 3000m;-15.29;kilogram;carbon dioxide, captured at hydrogen production plant, pre, pipeline 400km, storage 3000m;;technosphere;RER;ecoinvent_cutoff_3.9_remind_SSP2-PkBudg500_2030
d55b2fa94059493196519c6f8b37adf6;methane, from biological methanation, with carbon from atmosphere, using heat pump heat;NEU;methane, from biological methanation;;[];carbon dioxide, captured from atmosphere, with a solvent-based direct air capture system, 1MtCO2, with heat pump heat, and grid electricity;-2.75;kilogram;carbon dioxide, captured from atmosphere;;technosphere;NEU;ecoinvent_cutoff_3.9_remind_SSP2-PkBudg500_2030
d58ad049c98747ee85b3638572cf115f;carbon dioxide, captured from atmosphere, with a solvent-based direct air capture system, 1MtCO2, with industrial steam heat, and grid electricity;EUR;carbon dioxide, captured from atmosphere;;[];carbon dioxide, captured from atmosphere, with a solvent-based direct air capture system, 1MtCO2, with industrial steam heat, and grid electricity;-1.0;kilogram;carbon dioxide, captured from atmosphere;1.0;production;EUR;ecoinvent_cutoff_3.9_remind_SSP2-PkBudg500_2030
d5b089d3c3314676ab10e982b45540de;carbon dioxide, captured at wood burning power plant 20 MW post, pipeline 200km, storage 1000m;LAM;carbon dioxide, captured at wood burning power plant 20 MW post, pipeline 200km, storage 1000m;;[];carbon dioxide, captured at wood burning power plant 20 MW post, pipeline 200km, storage 1000m;-1.0;kilogram;carbon dioxide, captured at wood burning power plant 20 MW post, pipeline 200km, storage 1000m;1.0;production;LAM;ecoinvent_cutoff_3.9_remind_SSP2-PkBudg500_2030
d5b089d3c3314676ab10e982b45540de;carbon dioxide, captured at wood burning power plant 20 MW post, pipeline 200km, storage 1000m;LAM;carbon dioxide, captured at wood burning power plant 20 MW post, pipeline 200km, storage 1000m;;[];carbon dioxide storage at wood burning power plant 20 MW post, pipeline 200km, storage 1000m;-1.0;kilogram;carbon dioxide storage at wood burning power plant 20 MW post, pipeline 200km, storage 1000m;;technosphere;LAM;ecoinvent_cutoff_3.9_remind_SSP2-PkBudg500_2030
d619d1650b86499890e487e10caa7c9e;steel production, converter, unalloyed;MEA;steel, unalloyed;;[('ISIC rev.4 ecoinvent', '2410:Manufacture of basic iron and steel'), ('CPC', '41121: Non-alloy steel in ingots or other primary forms, and semi-finished products of non-alloy steel')];carbon dioxide, captured at steel production plant, with underground storage, post, 200 km;-0.02123173451634896;kilogram;carbon dioxide, captured and stored;0.0;technosphere;MEA;ecoinvent_cutoff_3.9_remind_SSP2-PkBudg500_2030
d62421b7138945e9abe5eea94c1051b6;hydrogen production, steam methane reforming of natural gas, with CCS (MDEA, 98% eff.), 25 bar;LAM;hydrogen, gaseous, 25 bar;;[];carbon dioxide, captured at hydrogen production plant, pre, pipeline 200km, storage 1000m;-6.161167019605815;kilogram;carbon dioxide, captured at hydrogen production plant, pre, pipeline 200km, storage 1000m;;technosphere;RER;ecoinvent_cutoff_3.9_remind_SSP2-PkBudg500_2030
d63e19535be14d6baf5ef2f9bdefff83;carbon dioxide storage from lignite, oxy, pipeline 400km, storage 3000m;EUR;carbon dioxide storage from lignite, oxy, pipeline 400km, storage 3000m;;[];carbon dioxide storage from lignite, oxy, pipeline 400km, storage 3000m;-1.0;kilogram;carbon dioxide storage from lignite, oxy, pipeline 400km, storage 3000m;1.0;production;EUR;ecoinvent_cutoff_3.9_remind_SSP2-PkBudg500_2030
d666a179b33c4e5b8b6c72e609bf8fba;steel production, converter, unalloyed;CHA;steel, unalloyed;;[('ISIC rev.4 ecoinvent', '2410:Manufacture of basic iron and steel'), ('CPC', '41121: Non-alloy steel in ingots or other primary forms, and semi-finished products of non-alloy steel')];carbon dioxide, captured at steel production plant, with underground storage, post, 200 km;-0.016850884433497096;kilogram;carbon dioxide, captured and stored;0.0;technosphere;CHA;ecoinvent_cutoff_3.9_remind_SSP2-PkBudg500_2030
d6afff8a92d14bb7970eb379fc997cc0;carbon dioxide storage from natural gas, post, 400km pipeline, storage 3000m;USA;carbon dioxide storage from natural gas, post, 400km pipeline, storage 3000m;;[];carbon dioxide storage from natural gas, post, 400km pipeline, storage 3000m;-1.0;kilogram;carbon dioxide storage from natural gas, post, 400km pipeline, storage 3000m;1.0;production;USA;ecoinvent_cutoff_3.9_remind_SSP2-PkBudg500_2030
d6ff461f609640ed94f55f93f208d46a;ethanol production, via fermentation, from corn, with carbon capture and storage, energy allocation;CHA;ethanol, from corn;;[];carbon dioxide storage at wood burning power plant 20 MW post, pipeline 200km, storage 1000m;-1.1946233679702067;kilogram;carbon dioxide storage at wood burning power plant 20 MW post, pipeline 200km, storage 1000m;;technosphere;CHA;ecoinvent_cutoff_3.9_remind_SSP2-PkBudg500_2030
d73793ab0ce24563814d83bfe7656686;carbon dioxide, captured from atmosphere, with a solvent-based direct air capture system, 1MtCO2, with industrial steam heat, and grid electricity;USA;carbon dioxide, captured from atmosphere;;[];carbon dioxide, captured from atmosphere, with a solvent-based direct air capture system, 1MtCO2, with industrial steam heat, and grid electricity;-1.0;kilogram;carbon dioxide, captured from atmosphere;1.0;production;USA;ecoinvent_cutoff_3.9_remind_SSP2-PkBudg500_2030
d76d927f1b83484abfbda0ec144279d6;carbon dioxide, captured from lignite, post, pipeline 200km, storage 1000m;CAZ;carbon dioxide, captured from lignite, post, pipeline 200km, storage 1000m;;[];carbon dioxide, captured from lignite, post, pipeline 200km, storage 1000m;-1.0;kilogram;carbon dioxide, captured from lignite, post, pipeline 200km, storage 1000m;1.0;production;CAZ;ecoinvent_cutoff_3.9_remind_SSP2-PkBudg500_2030
d76d927f1b83484abfbda0ec144279d6;carbon dioxide, captured from lignite, post, pipeline 200km, storage 1000m;CAZ;carbon dioxide, captured from lignite, post, pipeline 200km, storage 1000m;;[];carbon dioxide storage from lignite, post, pipeline 200km, storage 1000m;-1.0;kilogram;carbon dioxide storage from lignite, post, pipeline 200km, storage 1000m;;technosphere;CAZ;ecoinvent_cutoff_3.9_remind_SSP2-PkBudg500_2030
d77e7b5bfcea486a84665abb49ce43ee;hydrogen production, gaseous, 25 bar, from heatpipe reformer gasification of woody biomass with CCS, at gasification plant;RER;hydrogen, gaseous, 25 bar;;[];carbon dioxide, captured at hydrogen production plant, pre, pipeline 200km, storage 1000m;-10.68991;kilogram;carbon dioxide, captured at hydrogen production plant, pre, pipeline 200km, storage 1000m;;technosphere;RER;ecoinvent_cutoff_3.9_remind_SSP2-PkBudg500_2030
d78b98f4de40438c96231e3c6c9ecb27;carbon dioxide, captured from atmosphere and stored, with a sorbent-based direct air capture system, 100ktCO2, with industrial steam heat, and grid electricity;CHA;carbon dioxide, captured from atmosphere;;[];carbon dioxide, captured from atmosphere and stored, with a sorbent-based direct air capture system, 100ktCO2, with industrial steam heat, and grid electricity;-1.0;kilogram;carbon dioxide, captured from atmosphere;1.0;production;CHA;ecoinvent_cutoff_3.9_remind_SSP2-PkBudg500_2030
d7c6b6515986400f904e45b46ef85549;methane, from electrochemical methanation, with carbon from atmosphere, using heat pump heat;CAZ;methane, from electrochemical methanation;;[];carbon dioxide, captured from atmosphere, with a solvent-based direct air capture system, 1MtCO2, with heat pump heat, and grid electricity;-2.750348675034868;kilogram;carbon dioxide, captured from atmosphere;;technosphere;CAZ;ecoinvent_cutoff_3.9_remind_SSP2-PkBudg500_2030
d85e8a3d42e64fcf96eda7246e0ad26b;electricity production, at hard coal-fired IGCC power plant, pre, pipeline 200km, storage 1000m;IND;electricity, high voltage;;[];carbon dioxide, captured from hard coal-fired power plant, pre, pipeline 200km, storage 1000m;-0.7056000000000001;kilogram;carbon dioxide, captured from hard coal-fired power plant, pre, pipeline 200km, storage 1000m;;technosphere;IND;ecoinvent_cutoff_3.9_remind_SSP2-PkBudg500_2030
d8618c7cce8545cba349f506a00b1135;carbon dioxide, captured from hard coal-fired power plant, post, pipeline 400km, storage 1000m;LAM;carbon dioxide, captured from hard coal-fired power plant, post, pipeline 400km, storage 1000m;;[];carbon dioxide, captured from hard coal-fired power plant, post, pipeline 400km, storage 1000m;-1.0;kilogram;carbon dioxide, captured from hard coal-fired power plant, post, pipeline 400km, storage 1000m;1.0;production;LAM;ecoinvent_cutoff_3.9_remind_SSP2-PkBudg500_2030
d8618c7cce8545cba349f506a00b1135;carbon dioxide, captured from hard coal-fired power plant, post, pipeline 400km, storage 1000m;LAM;carbon dioxide, captured from hard coal-fired power plant, post, pipeline 400km, storage 1000m;;[];carbon dioxide storage from hard coal, post, pipeline 400km, storage 1000m;-1.0;kilogram;carbon dioxide storage from hard coal, post, pipeline 400km, storage 1000m;;technosphere;LAM;ecoinvent_cutoff_3.9_remind_SSP2-PkBudg500_2030
d89ec95640c04d9499a71d1a0cc7a1ea;electricity production, at hard coal-fired power plant, post, pipeline 200km, storage 1000m;OAS;electricity, high voltage;;[];carbon dioxide, captured from hard coal-fired power plant, post, pipeline 200km, storage 1000m;-0.9072000000000003;kilogram;carbon dioxide, captured from hard coal-fired power plant, post, pipeline 200km, storage 1000m;;technosphere;OAS;ecoinvent_cutoff_3.9_remind_SSP2-PkBudg500_2030
d8af50b9346c430faa7ccbb922b01dbd;methane, from electrochemical methanation, with carbon from atmosphere, using waste heat;MEA;methane, from electrochemical methanation;;[];carbon dioxide, captured from atmosphere, with a sorbent-based direct air capture system, 100ktCO2, with waste heat, and grid electricity;-2.750348675034868;kilogram;carbon dioxide, captured from atmosphere;;technosphere;MEA;ecoinvent_cutoff_3.9_remind_SSP2-PkBudg500_2030
d921dbb8a08e428091c36fb1cf838988;carbon dioxide, captured at wood burning power plant 20 MW post, pipeline 200km, storage 1000m;REF;carbon dioxide, captured at wood burning power plant 20 MW post, pipeline 200km, storage 1000m;;[];carbon dioxide, captured at wood burning power plant 20 MW post, pipeline 200km, storage 1000m;-1.0;kilogram;carbon dioxide, captured at wood burning power plant 20 MW post, pipeline 200km, storage 1000m;1.0;production;REF;ecoinvent_cutoff_3.9_remind_SSP2-PkBudg500_2030
d921dbb8a08e428091c36fb1cf838988;carbon dioxide, captured at wood burning power plant 20 MW post, pipeline 200km, storage 1000m;REF;carbon dioxide, captured at wood burning power plant 20 MW post, pipeline 200km, storage 1000m;;[];carbon dioxide storage at wood burning power plant 20 MW post, pipeline 200km, storage 1000m;-1.0;kilogram;carbon dioxide storage at wood burning power plant 20 MW post, pipeline 200km, storage 1000m;;technosphere;REF;ecoinvent_cutoff_3.9_remind_SSP2-PkBudg500_2030
d93511aa145b4300bfe340a51e521408;carbon dioxide, captured from hard coal-fired power plant, post, pipeline 400km, storage 1000m;USA;carbon dioxide, captured from hard coal-fired power plant, post, pipeline 400km, storage 1000m;;[];carbon dioxide, captured from hard coal-fired power plant, post, pipeline 400km, storage 1000m;-1.0;kilogram;carbon dioxide, captured from hard coal-fired power plant, post, pipeline 400km, storage 1000m;1.0;production;USA;ecoinvent_cutoff_3.9_remind_SSP2-PkBudg500_2030
d93511aa145b4300bfe340a51e521408;carbon dioxide, captured from hard coal-fired power plant, post, pipeline 400km, storage 1000m;USA;carbon dioxide, captured from hard coal-fired power plant, post, pipeline 400km, storage 1000m;;[];carbon dioxide storage from hard coal, post, pipeline 400km, storage 1000m;-1.0;kilogram;carbon dioxide storage from hard coal, post, pipeline 400km, storage 1000m;;technosphere;USA;ecoinvent_cutoff_3.9_remind_SSP2-PkBudg500_2030
d970a1d9db394367bc69a4d2fd81247e;pig iron production;EUR;pig iron;;[('ISIC rev.4 ecoinvent', '2410:Manufacture of basic iron and steel'), ('CPC', '41111: Pig iron and spiegeleisen in pigs, blocks or other primary forms')];carbon dioxide, captured at steel production plant, with underground storage, post, 200 km;-0.25949348532336325;kilogram;carbon dioxide, captured and stored;0.0;technosphere;EUR;ecoinvent_cutoff_3.9_remind_SSP2-PkBudg500_2030
d994867c0cf14fae86eb251bb9f5e8a6;carbon dioxide, captured from natural gas, post, 400km pipeline, storage 1000m;NEU;carbon dioxide, captured from natural gas, post, 400km pipeline, storage 1000m;;[];carbon dioxide, captured from natural gas, post, 400km pipeline, storage 1000m;-1.0;kilogram;carbon dioxide, captured from natural gas, post, 400km pipeline, storage 1000m;1.0;production;NEU;ecoinvent_cutoff_3.9_remind_SSP2-PkBudg500_2030
d994867c0cf14fae86eb251bb9f5e8a6;carbon dioxide, captured from natural gas, post, 400km pipeline, storage 1000m;NEU;carbon dioxide, captured from natural gas, post, 400km pipeline, storage 1000m;;[];carbon dioxide storage from natural gas, post, 400km pipeline, storage 1000m;-1.0;kilogram;carbon dioxide storage from natural gas, post, 400km pipeline, storage 1000m;;technosphere;NEU;ecoinvent_cutoff_3.9_remind_SSP2-PkBudg500_2030
da153987d540448aa6a842b1f9e5fe31;steel production, electric, chromium steel 18/8;USA;steel, chromium steel 18/8;;[('ISIC rev.4 ecoinvent', '2410:Manufacture of basic iron and steel'), ('CPC', '41122: Alloy steel in ingots or other primary forms and semi-finished products of alloy steel')];carbon dioxide, captured at steel production plant, with underground storage, post, 200 km;-0.015669220278458275;kilogram;carbon dioxide, captured and stored;0.0;technosphere;USA;ecoinvent_cutoff_3.9_remind_SSP2-PkBudg500_2030
da5e5c68b9b74c228ccc5c2384aa16b7;carbon dioxide, captured from atmosphere, with a sorbent-based direct air capture system, 100ktCO2, with industrial steam heat, and grid electricity;LAM;carbon dioxide, captured from atmosphere;;[];carbon dioxide, captured from atmosphere, with a sorbent-based direct air capture system, 100ktCO2, with industrial steam heat, and grid electricity;-1.0;kilogram;carbon dioxide, captured from atmosphere;1.0;production;LAM;ecoinvent_cutoff_3.9_remind_SSP2-PkBudg500_2030
da9e74cec74c46b6998a69571f90e060;carbon dioxide storage from hard coal, pre, pipeline 400km, storage 3000m;SSA;carbon dioxide storage from hard coal, pre, pipeline 400km, storage 3000m;;[];carbon dioxide storage from hard coal, pre, pipeline 400km, storage 3000m;-1.0;kilogram;carbon dioxide storage from hard coal, pre, pipeline 400km, storage 3000m;1.0;production;SSA;ecoinvent_cutoff_3.9_remind_SSP2-PkBudg500_2030
dab1f44c4689440aadbf7e48050c1d98;carbon dioxide storage from lignite, oxy, pipeline 400km, storage 3000m;REF;carbon dioxide storage from lignite, oxy, pipeline 400km, storage 3000m;;[];carbon dioxide storage from lignite, oxy, pipeline 400km, storage 3000m;-1.0;kilogram;carbon dioxide storage from lignite, oxy, pipeline 400km, storage 3000m;1.0;production;REF;ecoinvent_cutoff_3.9_remind_SSP2-PkBudg500_2030
dab4e8c4c4b045d2b99ecaca5c1e629d;carbon dioxide, captured at wood burning power plant 20 MW post, pipeline 200km, storage 1000m;JPN;carbon dioxide, captured at wood burning power plant 20 MW post, pipeline 200km, storage 1000m;;[];carbon dioxide, captured at wood burning power plant 20 MW post, pipeline 200km, storage 1000m;-1.0;kilogram;carbon dioxide, captured at wood burning power plant 20 MW post, pipeline 200km, storage 1000m;1.0;production;JPN;ecoinvent_cutoff_3.9_remind_SSP2-PkBudg500_2030
dab4e8c4c4b045d2b99ecaca5c1e629d;carbon dioxide, captured at wood burning power plant 20 MW post, pipeline 200km, storage 1000m;JPN;carbon dioxide, captured at wood burning power plant 20 MW post, pipeline 200km, storage 1000m;;[];carbon dioxide storage at wood burning power plant 20 MW post, pipeline 200km, storage 1000m;-1.0;kilogram;carbon dioxide storage at wood burning power plant 20 MW post, pipeline 200km, storage 1000m;;technosphere;JPN;ecoinvent_cutoff_3.9_remind_SSP2-PkBudg500_2030
dab599af9fc64ce78b4d9348a61822aa;electricity production, at lignite-fired IGCC power plant, pre, pipeline 200km, storage 1000m;MEA;electricity, high voltage;;[];carbon dioxide, captured from lignite, pre, pipeline 200km, storage 1000m;-0.9672535246685635;kilogram;carbon dioxide, captured from lignite, pre, pipeline 200km, storage 1000m;;technosphere;MEA;ecoinvent_cutoff_3.9_remind_SSP2-PkBudg500_2030
dbaf67356d2f4aefad4ecb1b4ac22ecf;electricity production, at hard coal-fired power plant, oxy, pipeline 200km, storage 1000m;JPN;electricity, high voltage;;[];carbon dioxide, captured from hard coal-fired power plant, oxy, pipeline 200km, storage 1000m;-0.9576000000000001;kilogram;carbon dioxide, captured from hard coal-fired power plant, oxy, pipeline 200km, storage 1000m;;technosphere;JPN;ecoinvent_cutoff_3.9_remind_SSP2-PkBudg500_2030
dbcf7431580d44b490e75fb0c2e0853b;carbon dioxide, captured from atmosphere and stored, with a sorbent-based direct air capture system, 100ktCO2, with waste heat, and grid electricity;MEA;carbon dioxide, captured from atmosphere;;[];carbon dioxide, captured from atmosphere and stored, with a sorbent-based direct air capture system, 100ktCO2, with waste heat, and grid electricity;-1.0;kilogram;carbon dioxide, captured from atmosphere;1.0;production;MEA;ecoinvent_cutoff_3.9_remind_SSP2-PkBudg500_2030
dbfffe70535d48a695c16bbaaebc5e29;carbon dioxide storage from natural gas, post, 200km pipeline, storage 1000m;EUR;carbon dioxide storage from natural gas, post, 200km pipeline, storage 1000m;;[];carbon dioxide storage from natural gas, post, 200km pipeline, storage 1000m;-1.0;kilogram;carbon dioxide storage from natural gas, post, 200km pipeline, storage 1000m;1.0;production;EUR;ecoinvent_cutoff_3.9_remind_SSP2-PkBudg500_2030
dc6b52ceb55f4ddfa5d63a3b7f4d2e83;carbon dioxide storage from hard coal, pre, pipeline 400km, storage 3000m;OAS;carbon dioxide storage from hard coal, pre, pipeline 400km, storage 3000m;;[];carbon dioxide storage from hard coal, pre, pipeline 400km, storage 3000m;-1.0;kilogram;carbon dioxide storage from hard coal, pre, pipeline 400km, storage 3000m;1.0;production;OAS;ecoinvent_cutoff_3.9_remind_SSP2-PkBudg500_2030
dc8bf49198694b9ebb4704d58b5606d6;electricity production, at hard coal-fired power plant, ultra-super critical, oxy, pipeline 200km, storage 1000m;OAS;electricity, high voltage;;[];carbon dioxide, captured from hard coal-fired power plant, oxy, pipeline 200km, storage 1000m;-0.8378999999996097;kilogram;carbon dioxide, captured from hard coal-fired power plant, oxy, pipeline 200km, storage 1000m;;technosphere;OAS;ecoinvent_cutoff_3.9_remind_SSP2-PkBudg500_2030
dca5706ee9dc4831b4cf27731f39c5c6;carbon dioxide storage from hard coal, post, pipeline 400km, storage 3000m;EUR;carbon dioxide storage from hard coal, post, pipeline 400km, storage 3000m;;[];carbon dioxide storage from hard coal, post, pipeline 400km, storage 3000m;-1.0;kilogram;carbon dioxide storage from hard coal, post, pipeline 400km, storage 3000m;1.0;production;EUR;ecoinvent_cutoff_3.9_remind_SSP2-PkBudg500_2030
dcb30e363b82429abe747e01700e74bb;methane, from biological methanation, with carbon from municipal waste incineration plant;RER;methane, from biological methanation;;[];carbon dioxide, captured at municipal solid waste incineration plant, for subsequent reuse;-2.75;kilogram;carbon dioxide, captured and reused;;technosphere;RER;ecoinvent_cutoff_3.9_remind_SSP2-PkBudg500_2030
dd1b4fcb4c1641d8abafe290af4a269e;carbon dioxide storage from lignite, post, pipeline 200km, storage 1000m;REF;carbon dioxide storage from lignite, post, pipeline 200km, storage 1000m;;[];carbon dioxide storage from lignite, post, pipeline 200km, storage 1000m;-1.0;kilogram;carbon dioxide storage from lignite, post, pipeline 200km, storage 1000m;1.0;production;REF;ecoinvent_cutoff_3.9_remind_SSP2-PkBudg500_2030
dd745445be214487875e2e601ea9fa3c;electricity production, at wood burning power plant, post, pipeline 200km, storage 1000m;RER;electricity, high voltage;;[];carbon dioxide, captured at wood burning power plant 20 MW post, pipeline 200km, storage 1000m;-1.683;kilogram;carbon dioxide, captured at wood burning power plant 20 MW post, pipeline 200km, storage 1000m;;technosphere;EUR;ecoinvent_cutoff_3.9_remind_SSP2-PkBudg500_2030
ddecffa338a44bc8b593c6d154badc48;carbon dioxide storage at wood burning power plant 20 MW post, pipeline 200km, storage 1000m;OAS;carbon dioxide storage at wood burning power plant 20 MW post, pipeline 200km, storage 1000m;;[];carbon dioxide storage at wood burning power plant 20 MW post, pipeline 200km, storage 1000m;-1.0;kilogram;carbon dioxide storage at wood burning power plant 20 MW post, pipeline 200km, storage 1000m;1.0;production;OAS;ecoinvent_cutoff_3.9_remind_SSP2-PkBudg500_2030
de10e7f14b144cf6bfb65c84101a9fef;ethanol production, via fermentation, from sugarbeet, with carbon capture and storage, energy allocation;NEU;ethanol, from sugarbeet;;[];carbon dioxide storage at wood burning power plant 20 MW post, pipeline 200km, storage 1000m;-1.8047940624999999;kilogram;carbon dioxide storage at wood burning power plant 20 MW post, pipeline 200km, storage 1000m;;technosphere;NEU;ecoinvent_cutoff_3.9_remind_SSP2-PkBudg500_2030
de18a4fab19949e6996ca998125d88b4;carbon dioxide storage from natural gas, post, 200km pipeline, storage 1000m;CHA;carbon dioxide storage from natural gas, post, 200km pipeline, storage 1000m;;[];carbon dioxide storage from natural gas, post, 200km pipeline, storage 1000m;-1.0;kilogram;carbon dioxide storage from natural gas, post, 200km pipeline, storage 1000m;1.0;production;CHA;ecoinvent_cutoff_3.9_remind_SSP2-PkBudg500_2030
de7c20a82b1545699429c321326790d1;carbon dioxide storage from natural gas, pre, 200km pipeline, storage 1000m;JPN;carbon dioxide storage from natural gas, pre, 200km pipeline, storage 1000m;;[];carbon dioxide storage from natural gas, pre, 200km pipeline, storage 1000m;-1.0;kilogram;carbon dioxide storage from natural gas, pre, 200km pipeline, storage 1000m;1.0;production;JPN;ecoinvent_cutoff_3.9_remind_SSP2-PkBudg500_2030
de8ef18e207943d6b236828bdee31c26;methane, from electrochemical methanation, with carbon from atmosphere, using heat pump heat;USA;methane, from electrochemical methanation;;[];carbon dioxide, captured from atmosphere, with a solvent-based direct air capture system, 1MtCO2, with heat pump heat, and grid electricity;-2.750348675034868;kilogram;carbon dioxide, captured from atmosphere;;technosphere;USA;ecoinvent_cutoff_3.9_remind_SSP2-PkBudg500_2030
df32d39795de44d694362a65f9d9a65c;carbon dioxide storage at hydrogen production plant, pre, pipeline 200km, storage 1000m;JPN;carbon dioxide storage at hydrogen production plant, pre, pipeline 200km, storage 1000m;;[];carbon dioxide storage at hydrogen production plant, pre, pipeline 200km, storage 1000m;-1.0;kilogram;carbon dioxide storage at hydrogen production plant, pre, pipeline 200km, storage 1000m;1.0;production;JPN;ecoinvent_cutoff_3.9_remind_SSP2-PkBudg500_2030
df34e306079349ddbd8de1ed56ac55a2;hydrogen production, steam methane reforming of natural gas, with CCS (MDEA, 98% eff.), 25 bar;World;hydrogen, gaseous, 25 bar;;[];carbon dioxide, captured at hydrogen production plant, pre, pipeline 200km, storage 1000m;-6.161167019605815;kilogram;carbon dioxide, captured at hydrogen production plant, pre, pipeline 200km, storage 1000m;;technosphere;RER;ecoinvent_cutoff_3.9_remind_SSP2-PkBudg500_2030
df61f85859cd4f34af163f85569bdd29;methane, from biological methanation, with carbon from atmosphere;RER;methane, from biological methanation;;[];carbon dioxide, captured from atmosphere, with a sorbent-based direct air capture system, 100ktCO2;-2.75;kilogram;carbon dioxide, captured from atmosphere;;technosphere;RER;ecoinvent_cutoff_3.9_remind_SSP2-PkBudg500_2030
df7f1bfd06604b12ae3fb7c1c863f0c7;carbon dioxide storage at synthetic natural gas plant, post, 400km pipeline, storage 3000m;REF;carbon dioxide storage at synthetic natural gas plant, post, 400km pipeline, storage 3000m;;[];carbon dioxide storage at synthetic natural gas plant, post, 400km pipeline, storage 3000m;-1.0;kilogram;carbon dioxide storage at synthetic natural gas plant, post, 400km pipeline, storage 3000m;1.0;production;REF;ecoinvent_cutoff_3.9_remind_SSP2-PkBudg500_2030
dfb12d85148c406dba357047151451dc;ethanol production, via fermentation, from miscanthus, with carbon capture and storage, economic allocation;US;ethanol, from miscanthus;;[];carbon dioxide storage at wood burning power plant 20 MW post, pipeline 200km, storage 1000m;-4.328203495044635;kilogram;carbon dioxide storage at wood burning power plant 20 MW post, pipeline 200km, storage 1000m;;technosphere;USA;ecoinvent_cutoff_3.9_remind_SSP2-PkBudg500_2030
e00efb7f0278460fa92591885267ed25;hydrogen production, gaseous, 25 bar, from gasification of woody biomass in entrained flow gasifier, with CCS, at gasification plant;IND;hydrogen, gaseous, 25 bar;;[];carbon dioxide, captured at hydrogen production plant, pre, pipeline 200km, storage 1000m;-19.58557;kilogram;carbon dioxide, captured at hydrogen production plant, pre, pipeline 200km, storage 1000m;;technosphere;RER;ecoinvent_cutoff_3.9_remind_SSP2-PkBudg500_2030
e05f6af6e6a64495a38ba24c2e8c30db;carbon dioxide, captured from hard coal-fired power plant, post, pipeline 200km, storage 1000m;REF;carbon dioxide, captured from hard coal-fired power plant, post, pipeline 200km, storage 1000m;;[];carbon dioxide, captured from hard coal-fired power plant, post, pipeline 200km, storage 1000m;-1.0;kilogram;carbon dioxide, captured from hard coal-fired power plant, post, pipeline 200km, storage 1000m;1.0;production;REF;ecoinvent_cutoff_3.9_remind_SSP2-PkBudg500_2030
e05f6af6e6a64495a38ba24c2e8c30db;carbon dioxide, captured from hard coal-fired power plant, post, pipeline 200km, storage 1000m;REF;carbon dioxide, captured from hard coal-fired power plant, post, pipeline 200km, storage 1000m;;[];carbon dioxide storage from hard coal, post, pipeline 200km, storage 1000m;-1.0;kilogram;carbon dioxide storage from hard coal, post, pipeline 200km, storage 1000m;;technosphere;REF;ecoinvent_cutoff_3.9_remind_SSP2-PkBudg500_2030
e0d793b9cf1742e1b12bb210d8d8c775;hydrogen production, gaseous, 25 bar, from gasification of woody biomass in entrained flow gasifier, with CCS, at gasification plant;SSA;hydrogen, gaseous, 25 bar;;[];carbon dioxide, captured at hydrogen production plant, pre, pipeline 200km, storage 1000m;-19.58557;kilogram;carbon dioxide, captured at hydrogen production plant, pre, pipeline 200km, storage 1000m;;technosphere;RER;ecoinvent_cutoff_3.9_remind_SSP2-PkBudg500_2030
e0dd101179394017a9c2eb42804c8723;electricity production, at hard coal-fired IGCC power plant, pre, pipeline 200km, storage 1000m;CAZ;electricity, high voltage;;[];carbon dioxide, captured from hard coal-fired power plant, pre, pipeline 200km, storage 1000m;-0.7441656224542105;kilogram;carbon dioxide, captured from hard coal-fired power plant, pre, pipeline 200km, storage 1000m;;technosphere;CAZ;ecoinvent_cutoff_3.9_remind_SSP2-PkBudg500_2030
e0f6d1b02b1f4990b3a2f0d9f3575628;hydrogen production, steam methane reforming, from biomethane, high and low temperature, with CCS (MDEA, 98% eff.), 26 bar;IND;hydrogen, gaseous, 26 bar;;[];carbon dioxide, captured at hydrogen production plant, pre, pipeline 200km, storage 1000m;-6.149690995325822;kilogram;carbon dioxide, captured at hydrogen production plant, pre, pipeline 200km, storage 1000m;;technosphere;RER;ecoinvent_cutoff_3.9_remind_SSP2-PkBudg500_2030
e0fc3864bff14340ae83afdfa74e469a;hydrogen production, steam methane reforming, from biomethane, high and low temperature, with CCS (MDEA, 98% eff.), 26 bar;World;hydrogen, gaseous, 26 bar;;[];carbon dioxide, captured at hydrogen production plant, pre, pipeline 200km, storage 1000m;-6.149690995325822;kilogram;carbon dioxide, captured at hydrogen production plant, pre, pipeline 200km, storage 1000m;;technosphere;RER;ecoinvent_cutoff_3.9_remind_SSP2-PkBudg500_2030
e0fd70c77bfc4f4c915d8403b03901a2;carbon dioxide storage at hydrogen production plant, pre, pipeline 200km, storage 1000m;LAM;carbon dioxide storage at hydrogen production plant, pre, pipeline 200km, storage 1000m;;[];carbon dioxide storage at hydrogen production plant, pre, pipeline 200km, storage 1000m;-1.0;kilogram;carbon dioxide storage at hydrogen production plant, pre, pipeline 200km, storage 1000m;1.0;production;LAM;ecoinvent_cutoff_3.9_remind_SSP2-PkBudg500_2030
e1558d4c98164b4fad84bdd034f544a2;clinker production;USA;clinker;;[('ISIC rev.4 ecoinvent', '2394:Manufacture of cement, lime and plaster'), ('EcoSpold01Categories', 'construction materials/binder'), ('CPC', '37430: Cement clinkers')];carbon dioxide, captured at cement production plant, with underground storage, post, 200 km;-0.07280850391545302;kilogram;carbon dioxide, captured and stored;0.0;technosphere;USA;ecoinvent_cutoff_3.9_remind_SSP2-PkBudg500_2030
e176c6a42f514e1896f373400ea09587;electricity production, at lignite-fired power plant, oxy, pipeline 200km, storage 1000m;OAS;electricity, high voltage;;[];carbon dioxide, captured from lignite, oxy, pipeline 200km, storage 1000m;-1.1237142857142859;kilogram;carbon dioxide, captured from lignite, oxy, pipeline 200km, storage 1000m;;technosphere;OAS;ecoinvent_cutoff_3.9_remind_SSP2-PkBudg500_2030
e1959e4065464714a169583dcb293d05;electricity production, at hard coal-fired IGCC power plant, pre, pipeline 200km, storage 1000m;USA;electricity, high voltage;;[];carbon dioxide, captured from hard coal-fired power plant, pre, pipeline 200km, storage 1000m;-0.7518122748757895;kilogram;carbon dioxide, captured from hard coal-fired power plant, pre, pipeline 200km, storage 1000m;;technosphere;USA;ecoinvent_cutoff_3.9_remind_SSP2-PkBudg500_2030
e207410e4ee6416484c94698f34be908;ethanol production, via fermentation, from sugarcane, with carbon capture and storage, energy allocation;OAS;ethanol, from sugarcane;;[];carbon dioxide storage at wood burning power plant 20 MW post, pipeline 200km, storage 1000m;-5.189136525067595;kilogram;carbon dioxide storage at wood burning power plant 20 MW post, pipeline 200km, storage 1000m;;technosphere;OAS;ecoinvent_cutoff_3.9_remind_SSP2-PkBudg500_2030
e210fa189352418aa622d40cbd3d3f10;carbon dioxide storage from lignite, pre, pipeline 200km, storage 1000m;RER;carbon dioxide storage from lignite, pre, pipeline 200km, storage 1000m;;[];carbon dioxide storage from lignite, pre, pipeline 200km, storage 1000m;-1.0;kilogram;carbon dioxide storage from lignite, pre, pipeline 200km, storage 1000m;;production;RER;ecoinvent_cutoff_3.9_remind_SSP2-PkBudg500_2030
e210fa189352418aa622d40cbd3d3f10;carbon dioxide storage from lignite, pre, pipeline 200km, storage 1000m;RER;carbon dioxide storage from lignite, pre, pipeline 200km, storage 1000m;;[];carbon dioxide storage from lignite, pre, pipeline 200km, storage 1000m;-1.0;kilogram;carbon dioxide storage from lignite, pre, pipeline 200km, storage 1000m;;technosphere;EUR;ecoinvent_cutoff_3.9_remind_SSP2-PkBudg500_2030
e236574a7a8944668986e19c6e066a50;carbon dioxide storage at hydrogen production plant, pre, pipeline 400km, storage 3000m;MEA;carbon dioxide storage at hydrogen production plant, pre, pipeline 400km, storage 3000m;;[];carbon dioxide storage at hydrogen production plant, pre, pipeline 400km, storage 3000m;-1.0;kilogram;carbon dioxide storage at hydrogen production plant, pre, pipeline 400km, storage 3000m;1.0;production;MEA;ecoinvent_cutoff_3.9_remind_SSP2-PkBudg500_2030
e2679cdd08f6483b8cc149e9539b2d22;ethanol production, via fermentation, from sugarbeet, with carbon capture and storage, energy allocation;REF;ethanol, from sugarbeet;;[];carbon dioxide storage at wood burning power plant 20 MW post, pipeline 200km, storage 1000m;-1.8047940624999999;kilogram;carbon dioxide storage at wood burning power plant 20 MW post, pipeline 200km, storage 1000m;;technosphere;REF;ecoinvent_cutoff_3.9_remind_SSP2-PkBudg500_2030
e2b81847892c48b0b5def5d103c5638d;carbon dioxide, captured at wood burning power plant 20 MW post, pipeline 200km, storage 1000m;USA;carbon dioxide, captured at wood burning power plant 20 MW post, pipeline 200km, storage 1000m;;[];carbon dioxide, captured at wood burning power plant 20 MW post, pipeline 200km, storage 1000m;-1.0;kilogram;carbon dioxide, captured at wood burning power plant 20 MW post, pipeline 200km, storage 1000m;1.0;production;USA;ecoinvent_cutoff_3.9_remind_SSP2-PkBudg500_2030
e2b81847892c48b0b5def5d103c5638d;carbon dioxide, captured at wood burning power plant 20 MW post, pipeline 200km, storage 1000m;USA;carbon dioxide, captured at wood burning power plant 20 MW post, pipeline 200km, storage 1000m;;[];carbon dioxide storage at wood burning power plant 20 MW post, pipeline 200km, storage 1000m;-1.0;kilogram;carbon dioxide storage at wood burning power plant 20 MW post, pipeline 200km, storage 1000m;;technosphere;USA;ecoinvent_cutoff_3.9_remind_SSP2-PkBudg500_2030
e2e8f63ae6f043bb94130a92debd10eb;carbon dioxide, captured from hard coal-fired power plant, post, pipeline 200km, storage 1000m;LAM;carbon dioxide, captured from hard coal-fired power plant, post, pipeline 200km, storage 1000m;;[];carbon dioxide, captured from hard coal-fired power plant, post, pipeline 200km, storage 1000m;-1.0;kilogram;carbon dioxide, captured from hard coal-fired power plant, post, pipeline 200km, storage 1000m;1.0;production;LAM;ecoinvent_cutoff_3.9_remind_SSP2-PkBudg500_2030
e2e8f63ae6f043bb94130a92debd10eb;carbon dioxide, captured from hard coal-fired power plant, post, pipeline 200km, storage 1000m;LAM;carbon dioxide, captured from hard coal-fired power plant, post, pipeline 200km, storage 1000m;;[];carbon dioxide storage from hard coal, post, pipeline 200km, storage 1000m;-1.0;kilogram;carbon dioxide storage from hard coal, post, pipeline 200km, storage 1000m;;technosphere;LAM;ecoinvent_cutoff_3.9_remind_SSP2-PkBudg500_2030
e2f57f04ffb04c90930090ff70de559a;ethanol production, via fermentation, from miscanthus, with carbon capture and storage, system expansion;US;ethanol, from miscanthus;;[];carbon dioxide storage at wood burning power plant 20 MW post, pipeline 200km, storage 1000m;-5.312464415954826;kilogram;carbon dioxide storage at wood burning power plant 20 MW post, pipeline 200km, storage 1000m;;technosphere;USA;ecoinvent_cutoff_3.9_remind_SSP2-PkBudg500_2030
e3475ffc698a466eb056751c6bc528c8;carbon dioxide storage from hard coal, oxy, pipeline 400km, storage 3000m;REF;carbon dioxide storage from hard coal, oxy, pipeline 400km, storage 3000m;;[];carbon dioxide storage from hard coal, oxy, pipeline 400km, storage 3000m;-1.0;kilogram;carbon dioxide storage from hard coal, oxy, pipeline 400km, storage 3000m;1.0;production;REF;ecoinvent_cutoff_3.9_remind_SSP2-PkBudg500_2030
e3cdd40088ea4c5fbb003b23273d8165;carbon dioxide, captured from hard coal-fired power plant, post, pipeline 400km, storage 1000m;World;carbon dioxide, captured from hard coal-fired power plant, post, pipeline 400km, storage 1000m;;[];carbon dioxide, captured from hard coal-fired power plant, post, pipeline 400km, storage 1000m;-1.0;kilogram;carbon dioxide, captured from hard coal-fired power plant, post, pipeline 400km, storage 1000m;1.0;production;World;ecoinvent_cutoff_3.9_remind_SSP2-PkBudg500_2030
e3cdd40088ea4c5fbb003b23273d8165;carbon dioxide, captured from hard coal-fired power plant, post, pipeline 400km, storage 1000m;World;carbon dioxide, captured from hard coal-fired power plant, post, pipeline 400km, storage 1000m;;[];carbon dioxide storage from hard coal, post, pipeline 400km, storage 1000m;-1.0;kilogram;carbon dioxide storage from hard coal, post, pipeline 400km, storage 1000m;;technosphere;World;ecoinvent_cutoff_3.9_remind_SSP2-PkBudg500_2030
e3fd6ca3a44c494993b629209be295db;carbon monoxide, from RWGS, for Fischer Tropsch process, hydrogen from electrolysis;IND;carbon monoxide, from RWGS;;[];carbon dioxide, captured from atmosphere, with a solvent-based direct air capture system, 1MtCO2, with heat pump heat, and grid electricity;-1.57;kilogram;carbon dioxide, captured from atmosphere;;technosphere;IND;ecoinvent_cutoff_3.9_remind_SSP2-PkBudg500_2030
e42ba4fe1528418b8b47f96032c5b716;hydrogen production, steam methane reforming of natural gas, with CCS (MDEA, 98% eff.), 25 bar;CAZ;hydrogen, gaseous, 25 bar;;[];carbon dioxide, captured at hydrogen production plant, pre, pipeline 200km, storage 1000m;-6.161167019605815;kilogram;carbon dioxide, captured at hydrogen production plant, pre, pipeline 200km, storage 1000m;;technosphere;RER;ecoinvent_cutoff_3.9_remind_SSP2-PkBudg500_2030
e4d7f02a6b8c44e3ba8db1bf4a422375;carbon dioxide, captured at wood burning power plant 20 MW post, pipeline 200km, storage 1000m;OAS;carbon dioxide, captured at wood burning power plant 20 MW post, pipeline 200km, storage 1000m;;[];carbon dioxide, captured at wood burning power plant 20 MW post, pipeline 200km, storage 1000m;-1.0;kilogram;carbon dioxide, captured at wood burning power plant 20 MW post, pipeline 200km, storage 1000m;1.0;production;OAS;ecoinvent_cutoff_3.9_remind_SSP2-PkBudg500_2030
e4d7f02a6b8c44e3ba8db1bf4a422375;carbon dioxide, captured at wood burning power plant 20 MW post, pipeline 200km, storage 1000m;OAS;carbon dioxide, captured at wood burning power plant 20 MW post, pipeline 200km, storage 1000m;;[];carbon dioxide storage at wood burning power plant 20 MW post, pipeline 200km, storage 1000m;-1.0;kilogram;carbon dioxide storage at wood burning power plant 20 MW post, pipeline 200km, storage 1000m;;technosphere;OAS;ecoinvent_cutoff_3.9_remind_SSP2-PkBudg500_2030
e552586b983b4834b3bac2fa3c6845a9;carbon dioxide, captured from hard coal-fired power plant, oxy, pipeline 200km, storage 1000m;MEA;carbon dioxide, captured from hard coal-fired power plant, oxy, pipeline 200km, storage 1000m;;[];carbon dioxide, captured from hard coal-fired power plant, oxy, pipeline 200km, storage 1000m;-1.0;kilogram;carbon dioxide, captured from hard coal-fired power plant, oxy, pipeline 200km, storage 1000m;1.0;production;MEA;ecoinvent_cutoff_3.9_remind_SSP2-PkBudg500_2030
e552586b983b4834b3bac2fa3c6845a9;carbon dioxide, captured from hard coal-fired power plant, oxy, pipeline 200km, storage 1000m;MEA;carbon dioxide, captured from hard coal-fired power plant, oxy, pipeline 200km, storage 1000m;;[];carbon dioxide storage from hard coal, oxy, pipeline 200km, storage 1000m;-1.0;kilogram;carbon dioxide storage from hard coal, oxy, pipeline 200km, storage 1000m;;technosphere;MEA;ecoinvent_cutoff_3.9_remind_SSP2-PkBudg500_2030
e649004d5f7c4c20bc60d2b4e701f075;carbon dioxide, captured from atmosphere, with a solvent-based direct air capture system, 1MtCO2, with heat pump heat, and grid electricity;NEU;carbon dioxide, captured from atmosphere;;[];carbon dioxide, captured from atmosphere, with a solvent-based direct air capture system, 1MtCO2, with heat pump heat, and grid electricity;-1.0;kilogram;carbon dioxide, captured from atmosphere;1.0;production;NEU;ecoinvent_cutoff_3.9_remind_SSP2-PkBudg500_2030
e64ffc0d5a38445bb65c717d7cef9588;carbon dioxide, captured from lignite, post, pipeline 200km, storage 1000m;MEA;carbon dioxide, captured from lignite, post, pipeline 200km, storage 1000m;;[];carbon dioxide, captured from lignite, post, pipeline 200km, storage 1000m;-1.0;kilogram;carbon dioxide, captured from lignite, post, pipeline 200km, storage 1000m;1.0;production;MEA;ecoinvent_cutoff_3.9_remind_SSP2-PkBudg500_2030
e64ffc0d5a38445bb65c717d7cef9588;carbon dioxide, captured from lignite, post, pipeline 200km, storage 1000m;MEA;carbon dioxide, captured from lignite, post, pipeline 200km, storage 1000m;;[];carbon dioxide storage from lignite, post, pipeline 200km, storage 1000m;-1.0;kilogram;carbon dioxide storage from lignite, post, pipeline 200km, storage 1000m;;technosphere;MEA;ecoinvent_cutoff_3.9_remind_SSP2-PkBudg500_2030
e6c6cb42d44546e5a6055931cf23da57;steel production, electric, low-alloyed;OAS;steel, low-alloyed;;[('ISIC rev.4 ecoinvent', '2410:Manufacture of basic iron and steel'), ('CPC', '41122: Alloy steel in ingots or other primary forms and semi-finished products of alloy steel')];carbon dioxide, captured at steel production plant, with underground storage, post, 200 km;-0.016672357075614014;kilogram;carbon dioxide, captured and stored;0.0;technosphere;OAS;ecoinvent_cutoff_3.9_remind_SSP2-PkBudg500_2030
e6c6cb42d44546e5a6055931cf23da57;steel production, electric, low-alloyed;OAS;steel, low-alloyed;;[('ISIC rev.4 ecoinvent', '2410:Manufacture of basic iron and steel'), ('CPC', '41122: Alloy steel in ingots or other primary forms and semi-finished products of alloy steel')];carbon dioxide, captured at steel production plant, with underground storage, post, 200 km;-0.0016822598170908752;kilogram;carbon dioxide, captured and stored;0.0;technosphere;OAS;ecoinvent_cutoff_3.9_remind_SSP2-PkBudg500_2030
e6ca92c2419e4ee3a53f7d2d9b5a8de8;electricity production, at lignite-fired power plant, oxy, pipeline 200km, storage 1000m;LAM;electricity, high voltage;;[];carbon dioxide, captured from lignite, oxy, pipeline 200km, storage 1000m;-1.1237142857142859;kilogram;carbon dioxide, captured from lignite, oxy, pipeline 200km, storage 1000m;;technosphere;LAM;ecoinvent_cutoff_3.9_remind_SSP2-PkBudg500_2030
e6d34265ec024d00811056ee8a47f011;hydrogen production, steam methane reforming, from biomethane, high and low temperature, with CCS (MDEA, 98% eff.), 26 bar;NEU;hydrogen, gaseous, 26 bar;;[];carbon dioxide, captured at hydrogen production plant, pre, pipeline 200km, storage 1000m;-6.149690995325822;kilogram;carbon dioxide, captured at hydrogen production plant, pre, pipeline 200km, storage 1000m;;technosphere;RER;ecoinvent_cutoff_3.9_remind_SSP2-PkBudg500_2030
e7683a6544ca4de6adb597afabed3e6a;carbon dioxide, captured from hard coal-fired power plant, post, pipeline 200km, storage 1000m;RER;carbon dioxide, captured from hard coal-fired power plant, post, pipeline 200km, storage 1000m;;[];carbon dioxide, captured from hard coal-fired power plant, post, pipeline 200km, storage 1000m;-1.0;kilogram;carbon dioxide, captured from hard coal-fired power plant, post, pipeline 200km, storage 1000m;;production;RER;ecoinvent_cutoff_3.9_remind_SSP2-PkBudg500_2030
e7683a6544ca4de6adb597afabed3e6a;carbon dioxide, captured from hard coal-fired power plant, post, pipeline 200km, storage 1000m;RER;carbon dioxide, captured from hard coal-fired power plant, post, pipeline 200km, storage 1000m;;[];carbon dioxide, captured from hard coal-fired power plant, post, pipeline 200km, storage 1000m;-1.0;kilogram;carbon dioxide, captured from hard coal-fired power plant, post, pipeline 200km, storage 1000m;;technosphere;EUR;ecoinvent_cutoff_3.9_remind_SSP2-PkBudg500_2030
e777b3e8f8744eacbaa8183acb468e5f;carbon dioxide storage from lignite, post, pipeline 400km, storage 3000m;NEU;carbon dioxide storage from lignite, post, pipeline 400km, storage 3000m;;[];carbon dioxide storage from lignite, post, pipeline 400km, storage 3000m;-1.0;kilogram;carbon dioxide storage from lignite, post, pipeline 400km, storage 3000m;1.0;production;NEU;ecoinvent_cutoff_3.9_remind_SSP2-PkBudg500_2030
e77e8ac855354409bca1b394488eb52f;carbon dioxide storage from natural gas, pre, 200km pipeline, storage 1000m;CHA;carbon dioxide storage from natural gas, pre, 200km pipeline, storage 1000m;;[];carbon dioxide storage from natural gas, pre, 200km pipeline, storage 1000m;-1.0;kilogram;carbon dioxide storage from natural gas, pre, 200km pipeline, storage 1000m;1.0;production;CHA;ecoinvent_cutoff_3.9_remind_SSP2-PkBudg500_2030
e7e2aa9d69a94786b2ef3d8e3ed5842a;methane, from biological methanation, with carbon from atmosphere, using waste heat;SSA;methane, from biological methanation;;[];carbon dioxide, captured from atmosphere, with a sorbent-based direct air capture system, 100ktCO2, with waste heat, and grid electricity;-2.75;kilogram;carbon dioxide, captured from atmosphere;;technosphere;SSA;ecoinvent_cutoff_3.9_remind_SSP2-PkBudg500_2030
e7ec92998fed463e8e1f5160ee980c69;ethanol production, via fermentation, from sugarcane, with carbon capture and storage, energy allocation;LAM;ethanol, from sugarcane;;[];carbon dioxide storage at wood burning power plant 20 MW post, pipeline 200km, storage 1000m;-5.189136525067595;kilogram;carbon dioxide storage at wood burning power plant 20 MW post, pipeline 200km, storage 1000m;;technosphere;LAM;ecoinvent_cutoff_3.9_remind_SSP2-PkBudg500_2030
e83362cbc92e411991e41599dff72fa9;steel production, converter, low-alloyed;CAZ;steel, low-alloyed;;[('ISIC rev.4 ecoinvent', '2410:Manufacture of basic iron and steel'), ('CPC', '41122: Alloy steel in ingots or other primary forms and semi-finished products of alloy steel')];carbon dioxide, captured at steel production plant, with underground storage, post, 200 km;-0.020758562715760515;kilogram;carbon dioxide, captured and stored;0.0;technosphere;CAZ;ecoinvent_cutoff_3.9_remind_SSP2-PkBudg500_2030
e84213f857a047e7acc570e168906091;carbon dioxide storage from hard coal, oxy, pipeline 200km, storage 1000m;OAS;carbon dioxide storage from hard coal, oxy, pipeline 200km, storage 1000m;;[];carbon dioxide storage from hard coal, oxy, pipeline 200km, storage 1000m;-1.0;kilogram;carbon dioxide storage from hard coal, oxy, pipeline 200km, storage 1000m;1.0;production;OAS;ecoinvent_cutoff_3.9_remind_SSP2-PkBudg500_2030
e88329dca3d94b6694068b4e51cfd832;methane, from electrochemical methanation, with carbon from atmosphere, using waste heat;JPN;methane, from electrochemical methanation;;[];carbon dioxide, captured from atmosphere, with a sorbent-based direct air capture system, 100ktCO2, with waste heat, and grid electricity;-2.750348675034868;kilogram;carbon dioxide, captured from atmosphere;;technosphere;JPN;ecoinvent_cutoff_3.9_remind_SSP2-PkBudg500_2030
e96b67daa1dd4817b6311c6cce4027f7;electricity production, at natural gas-fired combined cycle power plant, post, pipeline 200km, storage 1000m;JPN;electricity, high voltage;;[];carbon dioxide, captured from natural gas, post, 200km pipeline, storage 1000m;-0.34096151165351146;kilogram;carbon dioxide, captured from natural gas, post, 200km pipeline, storage 1000m;;technosphere;JPN;ecoinvent_cutoff_3.9_remind_SSP2-PkBudg500_2030
e9c6acd797c648579917242ddcdb872e;clinker production;CAZ;clinker;;[('ISIC rev.4 ecoinvent', '2394:Manufacture of cement, lime and plaster'), ('EcoSpold01Categories', 'construction materials/binder'), ('CPC', '37430: Cement clinkers')];carbon dioxide, captured at cement production plant, with underground storage, post, 200 km;-0.07745309080080838;kilogram;carbon dioxide, captured and stored;0.0;technosphere;CAZ;ecoinvent_cutoff_3.9_remind_SSP2-PkBudg500_2030
e9d0959e185a49a0af18502ad3edd769;carbon dioxide storage from lignite, oxy, pipeline 200km, storage 1000m;LAM;carbon dioxide storage from lignite, oxy, pipeline 200km, storage 1000m;;[];carbon dioxide storage from lignite, oxy, pipeline 200km, storage 1000m;-1.0;kilogram;carbon dioxide storage from lignite, oxy, pipeline 200km, storage 1000m;1.0;production;LAM;ecoinvent_cutoff_3.9_remind_SSP2-PkBudg500_2030
ea1f54a8f5e64b9b8cc15c36ff39a451;hydrogen production, gaseous, 30 bar, from hard coal gasification and reforming, with CCS, at coal gasification plant;EUR;hydrogen, gaseous, 30 bar;;[];carbon dioxide, captured at hydrogen production plant, pre, pipeline 400km, storage 3000m;-15.29;kilogram;carbon dioxide, captured at hydrogen production plant, pre, pipeline 400km, storage 3000m;;technosphere;RER;ecoinvent_cutoff_3.9_remind_SSP2-PkBudg500_2030
ea5d1d7369c148d2ab441d238ad47ea0;carbon dioxide, captured from atmosphere and stored, with a sorbent-based direct air capture system, 100ktCO2, with waste heat, and grid electricity;CAZ;carbon dioxide, captured from atmosphere;;[];carbon dioxide, captured from atmosphere and stored, with a sorbent-based direct air capture system, 100ktCO2, with waste heat, and grid electricity;-1.0;kilogram;carbon dioxide, captured from atmosphere;1.0;production;CAZ;ecoinvent_cutoff_3.9_remind_SSP2-PkBudg500_2030
ea769fd10d8546eebbc04f0e86c49e41;hydrogen production, steam methane reforming of natural gas, with CCS (MDEA, 98% eff.), 25 bar;MEA;hydrogen, gaseous, 25 bar;;[];carbon dioxide, captured at hydrogen production plant, pre, pipeline 200km, storage 1000m;-6.161167019605815;kilogram;carbon dioxide, captured at hydrogen production plant, pre, pipeline 200km, storage 1000m;;technosphere;RER;ecoinvent_cutoff_3.9_remind_SSP2-PkBudg500_2030
ea8ed2b5dc6749dca3253afbf0800111;electricity production, at co-generation oil-fired power plant, post, pipeline 200km, storage 1000m;RER;electricity, high voltage;;[];carbon dioxide, captured from hard coal-fired power plant, post, pipeline 200km, storage 1000m;-0.57268818;kilogram;carbon dioxide, captured from hard coal-fired power plant, post, pipeline 200km, storage 1000m;;technosphere;EUR;ecoinvent_cutoff_3.9_remind_SSP2-PkBudg500_2030
eb5f503c81bd46f0bd5a0d324ae23a27;carbon dioxide storage at synthetic natural gas plant, post, 400km pipeline, storage 3000m;LAM;carbon dioxide storage at synthetic natural gas plant, post, 400km pipeline, storage 3000m;;[];carbon dioxide storage at synthetic natural gas plant, post, 400km pipeline, storage 3000m;-1.0;kilogram;carbon dioxide storage at synthetic natural gas plant, post, 400km pipeline, storage 3000m;1.0;production;LAM;ecoinvent_cutoff_3.9_remind_SSP2-PkBudg500_2030
eb77a3e9831841638cf40fc233aed215;carbon dioxide, captured from atmosphere, with a sorbent-based direct air capture system, 100ktCO2, with heat pump heat, and grid electricity;REF;carbon dioxide, captured from atmosphere;;[];carbon dioxide, captured from atmosphere, with a sorbent-based direct air capture system, 100ktCO2, with heat pump heat, and grid electricity;-1.0;kilogram;carbon dioxide, captured from atmosphere;1.0;production;REF;ecoinvent_cutoff_3.9_remind_SSP2-PkBudg500_2030
eba008bd0fe647d08c5768a753b39e37;carbon dioxide, captured from atmosphere and stored, with a sorbent-based direct air capture system, 100ktCO2, with industrial steam heat, and grid electricity;USA;carbon dioxide, captured from atmosphere;;[];carbon dioxide, captured from atmosphere and stored, with a sorbent-based direct air capture system, 100ktCO2, with industrial steam heat, and grid electricity;-1.0;kilogram;carbon dioxide, captured from atmosphere;1.0;production;USA;ecoinvent_cutoff_3.9_remind_SSP2-PkBudg500_2030
ebe1b44bc5ac4935b088e54613f2ce72;carbon dioxide, captured from atmosphere and stored, with a solvent-based direct air capture system, 1MtCO2, with heat pump heat, and grid electricity;SSA;carbon dioxide, captured from atmosphere;;[];carbon dioxide, captured from atmosphere and stored, with a solvent-based direct air capture system, 1MtCO2, with heat pump heat, and grid electricity;-1.0;kilogram;carbon dioxide, captured from atmosphere;1.0;production;SSA;ecoinvent_cutoff_3.9_remind_SSP2-PkBudg500_2030
ebeac337db554dbcb40665a479e0d490;carbon dioxide, captured from atmosphere, with a sorbent-based direct air capture system, 100ktCO2, with waste heat, and grid electricity;USA;carbon dioxide, captured from atmosphere;;[];carbon dioxide, captured from atmosphere, with a sorbent-based direct air capture system, 100ktCO2, with waste heat, and grid electricity;-1.0;kilogram;carbon dioxide, captured from atmosphere;1.0;production;USA;ecoinvent_cutoff_3.9_remind_SSP2-PkBudg500_2030
eca958c31d5841998ee22ba121148d6b;carbon dioxide storage from lignite, oxy, pipeline 400km, storage 3000m;RER;carbon dioxide storage from lignite, oxy, pipeline 400km, storage 3000m;;[];carbon dioxide storage from lignite, oxy, pipeline 400km, storage 3000m;-1.0;kilogram;carbon dioxide storage from lignite, oxy, pipeline 400km, storage 3000m;;production;RER;ecoinvent_cutoff_3.9_remind_SSP2-PkBudg500_2030
eca958c31d5841998ee22ba121148d6b;carbon dioxide storage from lignite, oxy, pipeline 400km, storage 3000m;RER;carbon dioxide storage from lignite, oxy, pipeline 400km, storage 3000m;;[];carbon dioxide storage from lignite, oxy, pipeline 400km, storage 3000m;-1.0;kilogram;carbon dioxide storage from lignite, oxy, pipeline 400km, storage 3000m;;technosphere;EUR;ecoinvent_cutoff_3.9_remind_SSP2-PkBudg500_2030
ecb9ea4c976e4511be4b7424ef2f5fdb;carbon dioxide, captured from lignite, oxy, pipeline 200km, storage 1000m;JPN;carbon dioxide, captured from lignite, oxy, pipeline 200km, storage 1000m;;[];carbon dioxide, captured from lignite, oxy, pipeline 200km, storage 1000m;-1.0;kilogram;carbon dioxide, captured from lignite, oxy, pipeline 200km, storage 1000m;1.0;production;JPN;ecoinvent_cutoff_3.9_remind_SSP2-PkBudg500_2030
ecb9ea4c976e4511be4b7424ef2f5fdb;carbon dioxide, captured from lignite, oxy, pipeline 200km, storage 1000m;JPN;carbon dioxide, captured from lignite, oxy, pipeline 200km, storage 1000m;;[];carbon dioxide storage from lignite, oxy, pipeline 200km, storage 1000m;-1.0;kilogram;carbon dioxide storage from lignite, oxy, pipeline 200km, storage 1000m;;technosphere;JPN;ecoinvent_cutoff_3.9_remind_SSP2-PkBudg500_2030
ecc994186e624b8aa4c3251c5f378da3;carbon dioxide storage from natural gas, post, 400km pipeline, storage 3000m;IND;carbon dioxide storage from natural gas, post, 400km pipeline, storage 3000m;;[];carbon dioxide storage from natural gas, post, 400km pipeline, storage 3000m;-1.0;kilogram;carbon dioxide storage from natural gas, post, 400km pipeline, storage 3000m;1.0;production;IND;ecoinvent_cutoff_3.9_remind_SSP2-PkBudg500_2030
ed2fa178bedf47dcbeceef628a45f4f5;hydrogen production, gaseous, 30 bar, from hard coal gasification and reforming, with CCS, at coal gasification plant;NEU;hydrogen, gaseous, 30 bar;;[];carbon dioxide, captured at hydrogen production plant, pre, pipeline 400km, storage 3000m;-15.29;kilogram;carbon dioxide, captured at hydrogen production plant, pre, pipeline 400km, storage 3000m;;technosphere;RER;ecoinvent_cutoff_3.9_remind_SSP2-PkBudg500_2030
ee01d269da054e0dbeb7eecbc882c6e4;ethanol production, via fermentation, from miscanthus, with carbon capture and storage, energy allocation;US;ethanol, from miscanthus;;[];carbon dioxide storage at wood burning power plant 20 MW post, pipeline 200km, storage 1000m;-4.826492542155434;kilogram;carbon dioxide storage at wood burning power plant 20 MW post, pipeline 200km, storage 1000m;;technosphere;USA;ecoinvent_cutoff_3.9_remind_SSP2-PkBudg500_2030
ee041827c2bb4d01b438fcb46d219c61;electricity production, at hard coal-fired power plant, oxy, pipeline 200km, storage 1000m;NEU;electricity, high voltage;;[];carbon dioxide, captured from hard coal-fired power plant, oxy, pipeline 200km, storage 1000m;-0.9576000000000001;kilogram;carbon dioxide, captured from hard coal-fired power plant, oxy, pipeline 200km, storage 1000m;;technosphere;NEU;ecoinvent_cutoff_3.9_remind_SSP2-PkBudg500_2030
ef8e54791149410c9a2d73111f92714f;carbon dioxide, captured from atmosphere, with a solvent-based direct air capture system, 1MtCO2, with heat pump heat, and grid electricity;World;carbon dioxide, captured from atmosphere;;[];carbon dioxide, captured from atmosphere, with a solvent-based direct air capture system, 1MtCO2, with heat pump heat, and grid electricity;-1.0;kilogram;carbon dioxide, captured from atmosphere;1.0;production;World;ecoinvent_cutoff_3.9_remind_SSP2-PkBudg500_2030
ef9dbf4029dd488997a403483a6f3a9f;carbon dioxide, captured from atmosphere and stored, with a solvent-based direct air capture system, 1MtCO2, with industrial steam heat, and grid electricity;EUR;carbon dioxide, captured from atmosphere;;[];carbon dioxide, captured from atmosphere and stored, with a solvent-based direct air capture system, 1MtCO2, with industrial steam heat, and grid electricity;-1.0;kilogram;carbon dioxide, captured from atmosphere;1.0;production;EUR;ecoinvent_cutoff_3.9_remind_SSP2-PkBudg500_2030
efa122c57cde472099b9b5943ad8c62b;carbon dioxide, captured from natural gas, pre, 200km pipeline, storage 1000m;JPN;carbon dioxide, captured from natural gas, pre, 200km pipeline, storage 1000m;;[];carbon dioxide, captured from natural gas, pre, 200km pipeline, storage 1000m;-1.0;kilogram;carbon dioxide, captured from natural gas, pre, 200km pipeline, storage 1000m;1.0;production;JPN;ecoinvent_cutoff_3.9_remind_SSP2-PkBudg500_2030
efa122c57cde472099b9b5943ad8c62b;carbon dioxide, captured from natural gas, pre, 200km pipeline, storage 1000m;JPN;carbon dioxide, captured from natural gas, pre, 200km pipeline, storage 1000m;;[];carbon dioxide storage from natural gas, pre, 200km pipeline, storage 1000m;-1.0;kilogram;carbon dioxide storage from natural gas, pre, 200km pipeline, storage 1000m;;technosphere;JPN;ecoinvent_cutoff_3.9_remind_SSP2-PkBudg500_2030
efa7831c53e44bcab5fa21ada4300e0a;carbon dioxide, captured from hard coal-fired power plant, oxy, pipeline 200km, storage 1000m;JPN;carbon dioxide, captured from hard coal-fired power plant, oxy, pipeline 200km, storage 1000m;;[];carbon dioxide, captured from hard coal-fired power plant, oxy, pipeline 200km, storage 1000m;-1.0;kilogram;carbon dioxide, captured from hard coal-fired power plant, oxy, pipeline 200km, storage 1000m;1.0;production;JPN;ecoinvent_cutoff_3.9_remind_SSP2-PkBudg500_2030
efa7831c53e44bcab5fa21ada4300e0a;carbon dioxide, captured from hard coal-fired power plant, oxy, pipeline 200km, storage 1000m;JPN;carbon dioxide, captured from hard coal-fired power plant, oxy, pipeline 200km, storage 1000m;;[];carbon dioxide storage from hard coal, oxy, pipeline 200km, storage 1000m;-1.0;kilogram;carbon dioxide storage from hard coal, oxy, pipeline 200km, storage 1000m;;technosphere;JPN;ecoinvent_cutoff_3.9_remind_SSP2-PkBudg500_2030
efab2503cdb749a488b8f69d1c7eef85;carbon dioxide storage from hard coal, post, pipeline 200km, storage 1000m;World;carbon dioxide storage from hard coal, post, pipeline 200km, storage 1000m;;[];carbon dioxide storage from hard coal, post, pipeline 200km, storage 1000m;-1.0;kilogram;carbon dioxide storage from hard coal, post, pipeline 200km, storage 1000m;1.0;production;World;ecoinvent_cutoff_3.9_remind_SSP2-PkBudg500_2030
efbb206578a24593b8af463bcc724d1e;ethanol production, via fermentation, from corn, with carbon capture and storage, energy allocation;MEA;ethanol, from corn;;[];carbon dioxide storage at wood burning power plant 20 MW post, pipeline 200km, storage 1000m;-1.1946233679702067;kilogram;carbon dioxide storage at wood burning power plant 20 MW post, pipeline 200km, storage 1000m;;technosphere;MEA;ecoinvent_cutoff_3.9_remind_SSP2-PkBudg500_2030
efd86842031d49bca11938b2266b14ae;carbon dioxide, captured from atmosphere, with a solvent-based direct air capture system, 1MtCO2, with industrial steam heat, and grid electricity;REF;carbon dioxide, captured from atmosphere;;[];carbon dioxide, captured from atmosphere, with a solvent-based direct air capture system, 1MtCO2, with industrial steam heat, and grid electricity;-1.0;kilogram;carbon dioxide, captured from atmosphere;1.0;production;REF;ecoinvent_cutoff_3.9_remind_SSP2-PkBudg500_2030
efe84ce02d65473286e4cd60ae9a50b2;carbon dioxide, captured from atmosphere, with a sorbent-based direct air capture system, 100ktCO2, with industrial steam heat, and grid electricity;MEA;carbon dioxide, captured from atmosphere;;[];carbon dioxide, captured from atmosphere, with a sorbent-based direct air capture system, 100ktCO2, with industrial steam heat, and grid electricity;-1.0;kilogram;carbon dioxide, captured from atmosphere;1.0;production;MEA;ecoinvent_cutoff_3.9_remind_SSP2-PkBudg500_2030
f0388bbdac0349c7890ec80844f57e08;carbon dioxide storage at hydrogen production plant, pre, pipeline 400km, storage 3000m;RER;carbon dioxide storage at hydrogen production plant, pre, pipeline 400km, storage 3000m;;[];carbon dioxide storage at hydrogen production plant, pre, pipeline 400km, storage 3000m;-1.0;kilogram;carbon dioxide storage at hydrogen production plant, pre, pipeline 400km, storage 3000m;;production;RER;ecoinvent_cutoff_3.9_remind_SSP2-PkBudg500_2030
f0388bbdac0349c7890ec80844f57e08;carbon dioxide storage at hydrogen production plant, pre, pipeline 400km, storage 3000m;RER;carbon dioxide storage at hydrogen production plant, pre, pipeline 400km, storage 3000m;;[];carbon dioxide storage at hydrogen production plant, pre, pipeline 400km, storage 3000m;-1.0;kilogram;carbon dioxide storage at hydrogen production plant, pre, pipeline 400km, storage 3000m;;technosphere;EUR;ecoinvent_cutoff_3.9_remind_SSP2-PkBudg500_2030
f038d6ec58194604a6a2e1853e2209b4;pig iron production;CHA;pig iron;;[('ISIC rev.4 ecoinvent', '2410:Manufacture of basic iron and steel'), ('CPC', '41111: Pig iron and spiegeleisen in pigs, blocks or other primary forms')];carbon dioxide, captured at steel production plant, with underground storage, post, 200 km;-0.22816155479241362;kilogram;carbon dioxide, captured and stored;0.0;technosphere;CHA;ecoinvent_cutoff_3.9_remind_SSP2-PkBudg500_2030
f0b5b79de9d140559e34340eef040a79;carbon dioxide, captured from hard coal-fired power plant, pre, pipeline 200km, storage 1000m;SSA;carbon dioxide, captured from hard coal-fired power plant, pre, pipeline 200km, storage 1000m;;[];carbon dioxide, captured from hard coal-fired power plant, pre, pipeline 200km, storage 1000m;-1.0;kilogram;carbon dioxide, captured from hard coal-fired power plant, pre, pipeline 200km, storage 1000m;1.0;production;SSA;ecoinvent_cutoff_3.9_remind_SSP2-PkBudg500_2030
f0b5b79de9d140559e34340eef040a79;carbon dioxide, captured from hard coal-fired power plant, pre, pipeline 200km, storage 1000m;SSA;carbon dioxide, captured from hard coal-fired power plant, pre, pipeline 200km, storage 1000m;;[];carbon dioxide storage from hard coal, pre, pipeline 200km, storage 1000m;-1.0;kilogram;carbon dioxide storage from hard coal, pre, pipeline 200km, storage 1000m;;technosphere;SSA;ecoinvent_cutoff_3.9_remind_SSP2-PkBudg500_2030
f0b8a0cbbf264d58b87c912c619cd4ec;carbon dioxide storage from natural gas, post, 400km pipeline, storage 1000m;REF;carbon dioxide storage from natural gas, post, 400km pipeline, storage 1000m;;[];carbon dioxide storage from natural gas, post, 400km pipeline, storage 1000m;-1.0;kilogram;carbon dioxide storage from natural gas, post, 400km pipeline, storage 1000m;1.0;production;REF;ecoinvent_cutoff_3.9_remind_SSP2-PkBudg500_2030
f0cfb48d905f41aabd95aa59358da488;carbon dioxide, captured from atmosphere and stored, with a sorbent-based direct air capture system, 100ktCO2, with heat pump heat, and grid electricity;SSA;carbon dioxide, captured from atmosphere;;[];carbon dioxide, captured from atmosphere and stored, with a sorbent-based direct air capture system, 100ktCO2, with heat pump heat, and grid electricity;-1.0;kilogram;carbon dioxide, captured from atmosphere;1.0;production;SSA;ecoinvent_cutoff_3.9_remind_SSP2-PkBudg500_2030
f15734a97590470ea88a36567329322b;carbon dioxide storage at hydrogen production plant, pre, pipeline 200km, storage 1000m;SSA;carbon dioxide storage at hydrogen production plant, pre, pipeline 200km, storage 1000m;;[];carbon dioxide storage at hydrogen production plant, pre, pipeline 200km, storage 1000m;-1.0;kilogram;carbon dioxide storage at hydrogen production plant, pre, pipeline 200km, storage 1000m;1.0;production;SSA;ecoinvent_cutoff_3.9_remind_SSP2-PkBudg500_2030
f160acf5072d4da5aa1c6650fa8cd807;carbon dioxide storage from lignite, pre, pipeline 200km, storage 1000m;JPN;carbon dioxide storage from lignite, pre, pipeline 200km, storage 1000m;;[];carbon dioxide storage from lignite, pre, pipeline 200km, storage 1000m;-1.0;kilogram;carbon dioxide storage from lignite, pre, pipeline 200km, storage 1000m;1.0;production;JPN;ecoinvent_cutoff_3.9_remind_SSP2-PkBudg500_2030
f17a3f4d04fd4f8495d0d4e39a096961;steel production, converter, unalloyed;LAM;steel, unalloyed;;[('ISIC rev.4 ecoinvent', '2410:Manufacture of basic iron and steel'), ('CPC', '41121: Non-alloy steel in ingots or other primary forms, and semi-finished products of non-alloy steel')];carbon dioxide, captured at steel production plant, with underground storage, post, 200 km;-0.01877961184817578;kilogram;carbon dioxide, captured and stored;0.0;technosphere;LAM;ecoinvent_cutoff_3.9_remind_SSP2-PkBudg500_2030
f181958e42e2445fbd8e0e5c580f45a6;ethanol production, via fermentation, from corn, with carbon capture and storage, energy allocation;NEU;ethanol, from corn;;[];carbon dioxide storage at wood burning power plant 20 MW post, pipeline 200km, storage 1000m;-1.1946233679702067;kilogram;carbon dioxide storage at wood burning power plant 20 MW post, pipeline 200km, storage 1000m;;technosphere;NEU;ecoinvent_cutoff_3.9_remind_SSP2-PkBudg500_2030
f1d050348fff4ea2829e7babbb55e05b;ethanol production, via fermentation, from miscanthus, with carbon capture and storage, energy allocation;OAS;ethanol, from miscanthus;;[];carbon dioxide storage at wood burning power plant 20 MW post, pipeline 200km, storage 1000m;-4.826492542155434;kilogram;carbon dioxide storage at wood burning power plant 20 MW post, pipeline 200km, storage 1000m;;technosphere;OAS;ecoinvent_cutoff_3.9_remind_SSP2-PkBudg500_2030
f20c1160314840c5848c1b3a7d252714;carbon dioxide, captured from atmosphere and stored, with a solvent-based direct air capture system, 1MtCO2, with industrial steam heat, and grid electricity;USA;carbon dioxide, captured from atmosphere;;[];carbon dioxide, captured from atmosphere and stored, with a solvent-based direct air capture system, 1MtCO2, with industrial steam heat, and grid electricity;-1.0;kilogram;carbon dioxide, captured from atmosphere;1.0;production;USA;ecoinvent_cutoff_3.9_remind_SSP2-PkBudg500_2030
f21a5d865e2d4c13844329ddc4fa4f33;carbon dioxide, captured from natural gas, post, 200km pipeline, storage 1000m;World;carbon dioxide, captured from natural gas, post, 200km pipeline, storage 1000m;;[];carbon dioxide, captured from natural gas, post, 200km pipeline, storage 1000m;-1.0;kilogram;carbon dioxide, captured from natural gas, post, 200km pipeline, storage 1000m;1.0;production;World;ecoinvent_cutoff_3.9_remind_SSP2-PkBudg500_2030
f21a5d865e2d4c13844329ddc4fa4f33;carbon dioxide, captured from natural gas, post, 200km pipeline, storage 1000m;World;carbon dioxide, captured from natural gas, post, 200km pipeline, storage 1000m;;[];carbon dioxide storage from natural gas, post, 200km pipeline, storage 1000m;-1.0;kilogram;carbon dioxide storage from natural gas, post, 200km pipeline, storage 1000m;;technosphere;World;ecoinvent_cutoff_3.9_remind_SSP2-PkBudg500_2030
f282abe75e05451eb230cc2d7f75effa;methane, from biological methanation, with carbon from atmosphere, using heat pump heat;OAS;methane, from biological methanation;;[];carbon dioxide, captured from atmosphere, with a solvent-based direct air capture system, 1MtCO2, with heat pump heat, and grid electricity;-2.75;kilogram;carbon dioxide, captured from atmosphere;;technosphere;OAS;ecoinvent_cutoff_3.9_remind_SSP2-PkBudg500_2030
f2cb284e13804820b4d75e10ea028bf0;carbon dioxide storage from lignite, oxy, pipeline 400km, storage 3000m;OAS;carbon dioxide storage from lignite, oxy, pipeline 400km, storage 3000m;;[];carbon dioxide storage from lignite, oxy, pipeline 400km, storage 3000m;-1.0;kilogram;carbon dioxide storage from lignite, oxy, pipeline 400km, storage 3000m;1.0;production;OAS;ecoinvent_cutoff_3.9_remind_SSP2-PkBudg500_2030
f3468a2b0db44165a73e7aa061e09fa3;carbon dioxide storage at wood burning power plant 20 MW post, pipeline 200km, storage 1000m;REF;carbon dioxide storage at wood burning power plant 20 MW post, pipeline 200km, storage 1000m;;[];carbon dioxide storage at wood burning power plant 20 MW post, pipeline 200km, storage 1000m;-1.0;kilogram;carbon dioxide storage at wood burning power plant 20 MW post, pipeline 200km, storage 1000m;1.0;production;REF;ecoinvent_cutoff_3.9_remind_SSP2-PkBudg500_2030
f387d43b4ddb45a7bd6ec49886698363;hydrogen production, gaseous, 30 bar, from hard coal gasification and reforming, with CCS, at coal gasification plant;JPN;hydrogen, gaseous, 30 bar;;[];carbon dioxide, captured at hydrogen production plant, pre, pipeline 400km, storage 3000m;-15.29;kilogram;carbon dioxide, captured at hydrogen production plant, pre, pipeline 400km, storage 3000m;;technosphere;RER;ecoinvent_cutoff_3.9_remind_SSP2-PkBudg500_2030
f3d85b8f310841f78c76795449c81c22;carbon dioxide, captured from atmosphere and stored, with a sorbent-based direct air capture system, 100ktCO2, with heat pump heat, and grid electricity;IND;carbon dioxide, captured from atmosphere;;[];carbon dioxide, captured from atmosphere and stored, with a sorbent-based direct air capture system, 100ktCO2, with heat pump heat, and grid electricity;-1.0;kilogram;carbon dioxide, captured from atmosphere;1.0;production;IND;ecoinvent_cutoff_3.9_remind_SSP2-PkBudg500_2030
f54cce7d005046e0afb8138abe5a9cbd;carbon dioxide storage at hydrogen production plant, pre, pipeline 200km, storage 1000m;NEU;carbon dioxide storage at hydrogen production plant, pre, pipeline 200km, storage 1000m;;[];carbon dioxide storage at hydrogen production plant, pre, pipeline 200km, storage 1000m;-1.0;kilogram;carbon dioxide storage at hydrogen production plant, pre, pipeline 200km, storage 1000m;1.0;production;NEU;ecoinvent_cutoff_3.9_remind_SSP2-PkBudg500_2030
f569a4f85a014c83be50826398f708ad;carbon dioxide, captured from lignite, pre, pipeline 200km, storage 1000m;IND;carbon dioxide, captured from lignite, pre, pipeline 200km, storage 1000m;;[];carbon dioxide, captured from lignite, pre, pipeline 200km, storage 1000m;-1.0;kilogram;carbon dioxide, captured from lignite, pre, pipeline 200km, storage 1000m;1.0;production;IND;ecoinvent_cutoff_3.9_remind_SSP2-PkBudg500_2030
f569a4f85a014c83be50826398f708ad;carbon dioxide, captured from lignite, pre, pipeline 200km, storage 1000m;IND;carbon dioxide, captured from lignite, pre, pipeline 200km, storage 1000m;;[];carbon dioxide storage from lignite, pre, pipeline 200km, storage 1000m;-1.0;kilogram;carbon dioxide storage from lignite, pre, pipeline 200km, storage 1000m;;technosphere;IND;ecoinvent_cutoff_3.9_remind_SSP2-PkBudg500_2030
f58f03db4a954808ae868935270ec884;electricity production, at hard coal-fired power plant, ultra-super critical, oxy, pipeline 200km, storage 1000m;USA;electricity, high voltage;;[];carbon dioxide, captured from hard coal-fired power plant, oxy, pipeline 200km, storage 1000m;-0.8378999999996097;kilogram;carbon dioxide, captured from hard coal-fired power plant, oxy, pipeline 200km, storage 1000m;;technosphere;USA;ecoinvent_cutoff_3.9_remind_SSP2-PkBudg500_2030
f5936a3e734848dcb7c2f99eb2de362a;carbon dioxide storage at synthetic natural gas plant, post, 400km pipeline, storage 3000m;MEA;carbon dioxide storage at synthetic natural gas plant, post, 400km pipeline, storage 3000m;;[];carbon dioxide storage at synthetic natural gas plant, post, 400km pipeline, storage 3000m;-1.0;kilogram;carbon dioxide storage at synthetic natural gas plant, post, 400km pipeline, storage 3000m;1.0;production;MEA;ecoinvent_cutoff_3.9_remind_SSP2-PkBudg500_2030
f5b0af936234417f8a8dfa4fed22c0c6;carbon dioxide storage from lignite, oxy, pipeline 200km, storage 1000m;SSA;carbon dioxide storage from lignite, oxy, pipeline 200km, storage 1000m;;[];carbon dioxide storage from lignite, oxy, pipeline 200km, storage 1000m;-1.0;kilogram;carbon dioxide storage from lignite, oxy, pipeline 200km, storage 1000m;1.0;production;SSA;ecoinvent_cutoff_3.9_remind_SSP2-PkBudg500_2030
f5d0512c9da84ac69a7a40692e7d66bc;carbon dioxide storage at hydrogen production plant, pre, pipeline 200km, storage 1000m;CHA;carbon dioxide storage at hydrogen production plant, pre, pipeline 200km, storage 1000m;;[];carbon dioxide storage at hydrogen production plant, pre, pipeline 200km, storage 1000m;-1.0;kilogram;carbon dioxide storage at hydrogen production plant, pre, pipeline 200km, storage 1000m;1.0;production;CHA;ecoinvent_cutoff_3.9_remind_SSP2-PkBudg500_2030
f6cc6e3577674db4be621547c4030422;methane, from electrochemical methanation, with carbon from atmosphere, using waste heat;IND;methane, from electrochemical methanation;;[];carbon dioxide, captured from atmosphere, with a sorbent-based direct air capture system, 100ktCO2, with waste heat, and grid electricity;-2.750348675034868;kilogram;carbon dioxide, captured from atmosphere;;technosphere;IND;ecoinvent_cutoff_3.9_remind_SSP2-PkBudg500_2030
f6f64b5f4ed74197a50cc07642f41695;carbon dioxide storage at synthetic natural gas plant, post, 200km pipeline, storage 1000m;World;carbon dioxide storage at synthetic natural gas plant, post, 200km pipeline, storage 1000m;;[];carbon dioxide storage at synthetic natural gas plant, post, 200km pipeline, storage 1000m;-1.0;kilogram;carbon dioxide storage at synthetic natural gas plant, post, 200km pipeline, storage 1000m;1.0;production;World;ecoinvent_cutoff_3.9_remind_SSP2-PkBudg500_2030
f73ba253002140c4bc37ab5d699fe492;ethanol production, via fermentation, from miscanthus, with carbon capture and storage, energy allocation;LAM;ethanol, from miscanthus;;[];carbon dioxide storage at wood burning power plant 20 MW post, pipeline 200km, storage 1000m;-4.826492542155434;kilogram;carbon dioxide storage at wood burning power plant 20 MW post, pipeline 200km, storage 1000m;;technosphere;LAM;ecoinvent_cutoff_3.9_remind_SSP2-PkBudg500_2030
f7bcacef305e44b3b16c11c6849ac68d;carbon dioxide storage from natural gas, post, 200km pipeline, storage 1000m;NEU;carbon dioxide storage from natural gas, post, 200km pipeline, storage 1000m;;[];carbon dioxide storage from natural gas, post, 200km pipeline, storage 1000m;-1.0;kilogram;carbon dioxide storage from natural gas, post, 200km pipeline, storage 1000m;1.0;production;NEU;ecoinvent_cutoff_3.9_remind_SSP2-PkBudg500_2030
f7d9dad6cff842f59cd56dce174c920b;hydrogen production, gaseous, 30 bar, from hard coal gasification and reforming, with CCS, at coal gasification plant;IND;hydrogen, gaseous, 30 bar;;[];carbon dioxide, captured at hydrogen production plant, pre, pipeline 400km, storage 3000m;-15.29;kilogram;carbon dioxide, captured at hydrogen production plant, pre, pipeline 400km, storage 3000m;;technosphere;RER;ecoinvent_cutoff_3.9_remind_SSP2-PkBudg500_2030
f825b06c7a6e477091c932a4b450924f;carbon dioxide storage from hard coal, oxy, pipeline 400km, storage 3000m;IND;carbon dioxide storage from hard coal, oxy, pipeline 400km, storage 3000m;;[];carbon dioxide storage from hard coal, oxy, pipeline 400km, storage 3000m;-1.0;kilogram;carbon dioxide storage from hard coal, oxy, pipeline 400km, storage 3000m;1.0;production;IND;ecoinvent_cutoff_3.9_remind_SSP2-PkBudg500_2030
f8b30278468841e4b8becf14bc51b2c9;carbon dioxide, captured at wood burning power plant 20 MW post, pipeline 200km, storage 1000m;MEA;carbon dioxide, captured at wood burning power plant 20 MW post, pipeline 200km, storage 1000m;;[];carbon dioxide, captured at wood burning power plant 20 MW post, pipeline 200km, storage 1000m;-1.0;kilogram;carbon dioxide, captured at wood burning power plant 20 MW post, pipeline 200km, storage 1000m;1.0;production;MEA;ecoinvent_cutoff_3.9_remind_SSP2-PkBudg500_2030
f8b30278468841e4b8becf14bc51b2c9;carbon dioxide, captured at wood burning power plant 20 MW post, pipeline 200km, storage 1000m;MEA;carbon dioxide, captured at wood burning power plant 20 MW post, pipeline 200km, storage 1000m;;[];carbon dioxide storage at wood burning power plant 20 MW post, pipeline 200km, storage 1000m;-1.0;kilogram;carbon dioxide storage at wood burning power plant 20 MW post, pipeline 200km, storage 1000m;;technosphere;MEA;ecoinvent_cutoff_3.9_remind_SSP2-PkBudg500_2030
f8b3616589fd443eb0578c8404f5647d;carbon dioxide, captured from natural gas, pre, 200km pipeline, storage 1000m;SSA;carbon dioxide, captured from natural gas, pre, 200km pipeline, storage 1000m;;[];carbon dioxide, captured from natural gas, pre, 200km pipeline, storage 1000m;-1.0;kilogram;carbon dioxide, captured from natural gas, pre, 200km pipeline, storage 1000m;1.0;production;SSA;ecoinvent_cutoff_3.9_remind_SSP2-PkBudg500_2030
f8b3616589fd443eb0578c8404f5647d;carbon dioxide, captured from natural gas, pre, 200km pipeline, storage 1000m;SSA;carbon dioxide, captured from natural gas, pre, 200km pipeline, storage 1000m;;[];carbon dioxide storage from natural gas, pre, 200km pipeline, storage 1000m;-1.0;kilogram;carbon dioxide storage from natural gas, pre, 200km pipeline, storage 1000m;;technosphere;SSA;ecoinvent_cutoff_3.9_remind_SSP2-PkBudg500_2030
f8e24c6a2db54303b896d567abfe3258;methane, from electrochemical methanation, with carbon from atmosphere, using heat pump heat;OAS;methane, from electrochemical methanation;;[];carbon dioxide, captured from atmosphere, with a solvent-based direct air capture system, 1MtCO2, with heat pump heat, and grid electricity;-2.750348675034868;kilogram;carbon dioxide, captured from atmosphere;;technosphere;OAS;ecoinvent_cutoff_3.9_remind_SSP2-PkBudg500_2030
f8eac752ac7b4e379aae28ba9446ba29;electricity production, at lignite-fired IGCC power plant, pre, pipeline 200km, storage 1000m;SSA;electricity, high voltage;;[];carbon dioxide, captured from lignite, pre, pipeline 200km, storage 1000m;-0.9432368443485069;kilogram;carbon dioxide, captured from lignite, pre, pipeline 200km, storage 1000m;;technosphere;SSA;ecoinvent_cutoff_3.9_remind_SSP2-PkBudg500_2030
f985ce9ffec34abb8c848bd77db705e7;carbon monoxide, from RWGS, for Fischer Tropsch process, hydrogen from electrolysis;LAM;carbon monoxide, from RWGS;;[];carbon dioxide, captured from atmosphere, with a solvent-based direct air capture system, 1MtCO2, with heat pump heat, and grid electricity;-1.57;kilogram;carbon dioxide, captured from atmosphere;;technosphere;LAM;ecoinvent_cutoff_3.9_remind_SSP2-PkBudg500_2030
f9b3747865804a69a7565b0f624f9d54;carbon dioxide, captured from hard coal-fired power plant, post, pipeline 200km, storage 1000m;USA;carbon dioxide, captured from hard coal-fired power plant, post, pipeline 200km, storage 1000m;;[];carbon dioxide, captured from hard coal-fired power plant, post, pipeline 200km, storage 1000m;-1.0;kilogram;carbon dioxide, captured from hard coal-fired power plant, post, pipeline 200km, storage 1000m;1.0;production;USA;ecoinvent_cutoff_3.9_remind_SSP2-PkBudg500_2030
f9b3747865804a69a7565b0f624f9d54;carbon dioxide, captured from hard coal-fired power plant, post, pipeline 200km, storage 1000m;USA;carbon dioxide, captured from hard coal-fired power plant, post, pipeline 200km, storage 1000m;;[];carbon dioxide storage from hard coal, post, pipeline 200km, storage 1000m;-1.0;kilogram;carbon dioxide storage from hard coal, post, pipeline 200km, storage 1000m;;technosphere;USA;ecoinvent_cutoff_3.9_remind_SSP2-PkBudg500_2030
f9c2097ff8b84ac38091ff065094c1b6;carbon dioxide, captured from lignite, oxy, pipeline 200km, storage 1000m;IND;carbon dioxide, captured from lignite, oxy, pipeline 200km, storage 1000m;;[];carbon dioxide, captured from lignite, oxy, pipeline 200km, storage 1000m;-1.0;kilogram;carbon dioxide, captured from lignite, oxy, pipeline 200km, storage 1000m;1.0;production;IND;ecoinvent_cutoff_3.9_remind_SSP2-PkBudg500_2030
f9c2097ff8b84ac38091ff065094c1b6;carbon dioxide, captured from lignite, oxy, pipeline 200km, storage 1000m;IND;carbon dioxide, captured from lignite, oxy, pipeline 200km, storage 1000m;;[];carbon dioxide storage from lignite, oxy, pipeline 200km, storage 1000m;-1.0;kilogram;carbon dioxide storage from lignite, oxy, pipeline 200km, storage 1000m;;technosphere;IND;ecoinvent_cutoff_3.9_remind_SSP2-PkBudg500_2030
fa0bcdf7d50d4b16891e925ef7c34d7a;carbon dioxide, captured from lignite, post, pipeline 200km, storage 1000m;World;carbon dioxide, captured from lignite, post, pipeline 200km, storage 1000m;;[];carbon dioxide, captured from lignite, post, pipeline 200km, storage 1000m;-1.0;kilogram;carbon dioxide, captured from lignite, post, pipeline 200km, storage 1000m;1.0;production;World;ecoinvent_cutoff_3.9_remind_SSP2-PkBudg500_2030
fa0bcdf7d50d4b16891e925ef7c34d7a;carbon dioxide, captured from lignite, post, pipeline 200km, storage 1000m;World;carbon dioxide, captured from lignite, post, pipeline 200km, storage 1000m;;[];carbon dioxide storage from lignite, post, pipeline 200km, storage 1000m;-1.0;kilogram;carbon dioxide storage from lignite, post, pipeline 200km, storage 1000m;;technosphere;World;ecoinvent_cutoff_3.9_remind_SSP2-PkBudg500_2030
fa0f191bd42e4307aff5d3ea870d8b00;carbon dioxide, captured from atmosphere and stored, with a solvent-based direct air capture system, 1MtCO2, with industrial steam heat, and grid electricity;OAS;carbon dioxide, captured from atmosphere;;[];carbon dioxide, captured from atmosphere and stored, with a solvent-based direct air capture system, 1MtCO2, with industrial steam heat, and grid electricity;-1.0;kilogram;carbon dioxide, captured from atmosphere;1.0;production;OAS;ecoinvent_cutoff_3.9_remind_SSP2-PkBudg500_2030
fa622d1db7b8495aa7dfab91f5ad217b;carbon dioxide storage at synthetic natural gas plant, post, 200km pipeline, storage 1000m;IND;carbon dioxide storage at synthetic natural gas plant, post, 200km pipeline, storage 1000m;;[];carbon dioxide storage at synthetic natural gas plant, post, 200km pipeline, storage 1000m;-1.0;kilogram;carbon dioxide storage at synthetic natural gas plant, post, 200km pipeline, storage 1000m;1.0;production;IND;ecoinvent_cutoff_3.9_remind_SSP2-PkBudg500_2030
fadf4a80c6b943baab688fc2f9cea210;electricity production, at hard coal-fired power plant, post, pipeline 200km, storage 1000m;LAM;electricity, high voltage;;[];carbon dioxide, captured from hard coal-fired power plant, post, pipeline 200km, storage 1000m;-0.9072000000000003;kilogram;carbon dioxide, captured from hard coal-fired power plant, post, pipeline 200km, storage 1000m;;technosphere;LAM;ecoinvent_cutoff_3.9_remind_SSP2-PkBudg500_2030
fb375df8a51b4a3fa352edd5a3a0a8d2;carbon dioxide storage from lignite, oxy, pipeline 400km, storage 3000m;MEA;carbon dioxide storage from lignite, oxy, pipeline 400km, storage 3000m;;[];carbon dioxide storage from lignite, oxy, pipeline 400km, storage 3000m;-1.0;kilogram;carbon dioxide storage from lignite, oxy, pipeline 400km, storage 3000m;1.0;production;MEA;ecoinvent_cutoff_3.9_remind_SSP2-PkBudg500_2030
fb3efdb81bfd494381fcc6876b050439;carbon dioxide, captured from lignite, oxy, pipeline 200km, storage 1000m;CAZ;carbon dioxide, captured from lignite, oxy, pipeline 200km, storage 1000m;;[];carbon dioxide, captured from lignite, oxy, pipeline 200km, storage 1000m;-1.0;kilogram;carbon dioxide, captured from lignite, oxy, pipeline 200km, storage 1000m;1.0;production;CAZ;ecoinvent_cutoff_3.9_remind_SSP2-PkBudg500_2030
fb3efdb81bfd494381fcc6876b050439;carbon dioxide, captured from lignite, oxy, pipeline 200km, storage 1000m;CAZ;carbon dioxide, captured from lignite, oxy, pipeline 200km, storage 1000m;;[];carbon dioxide storage from lignite, oxy, pipeline 200km, storage 1000m;-1.0;kilogram;carbon dioxide storage from lignite, oxy, pipeline 200km, storage 1000m;;technosphere;CAZ;ecoinvent_cutoff_3.9_remind_SSP2-PkBudg500_2030
fb93772e86724497ae9c2c334858cc7c;ethanol production, via fermentation, from poplar, with carbon capture and storage, energy allocation;CAZ;ethanol, from poplar;;[];carbon dioxide storage at wood burning power plant 20 MW post, pipeline 200km, storage 1000m;-4.074812712917694;kilogram;carbon dioxide storage at wood burning power plant 20 MW post, pipeline 200km, storage 1000m;;technosphere;CAZ;ecoinvent_cutoff_3.9_remind_SSP2-PkBudg500_2030
fbf4750593a84773b328a80cf74aea19;carbon dioxide, captured from natural gas, pre, 200km pipeline, storage 1000m;MEA;carbon dioxide, captured from natural gas, pre, 200km pipeline, storage 1000m;;[];carbon dioxide, captured from natural gas, pre, 200km pipeline, storage 1000m;-1.0;kilogram;carbon dioxide, captured from natural gas, pre, 200km pipeline, storage 1000m;1.0;production;MEA;ecoinvent_cutoff_3.9_remind_SSP2-PkBudg500_2030
fbf4750593a84773b328a80cf74aea19;carbon dioxide, captured from natural gas, pre, 200km pipeline, storage 1000m;MEA;carbon dioxide, captured from natural gas, pre, 200km pipeline, storage 1000m;;[];carbon dioxide storage from natural gas, pre, 200km pipeline, storage 1000m;-1.0;kilogram;carbon dioxide storage from natural gas, pre, 200km pipeline, storage 1000m;;technosphere;MEA;ecoinvent_cutoff_3.9_remind_SSP2-PkBudg500_2030
fc0c670871cd45439f92f11ad4f52173;carbon dioxide, captured from atmosphere and stored, with a solvent-based direct air capture system, 1MtCO2, with industrial steam heat, and grid electricity;JPN;carbon dioxide, captured from atmosphere;;[];carbon dioxide, captured from atmosphere and stored, with a solvent-based direct air capture system, 1MtCO2, with industrial steam heat, and grid electricity;-1.0;kilogram;carbon dioxide, captured from atmosphere;1.0;production;JPN;ecoinvent_cutoff_3.9_remind_SSP2-PkBudg500_2030
fc8e1d60e2bb4754a475414f95ffc436;carbon dioxide storage from hard coal, oxy, pipeline 400km, storage 3000m;SSA;carbon dioxide storage from hard coal, oxy, pipeline 400km, storage 3000m;;[];carbon dioxide storage from hard coal, oxy, pipeline 400km, storage 3000m;-1.0;kilogram;carbon dioxide storage from hard coal, oxy, pipeline 400km, storage 3000m;1.0;production;SSA;ecoinvent_cutoff_3.9_remind_SSP2-PkBudg500_2030
fcd30f31812f4bb9a2eba6e1b835600f;carbon dioxide, captured from atmosphere and stored, with a sorbent-based direct air capture system, 100ktCO2, with heat pump heat, and grid electricity;JPN;carbon dioxide, captured from atmosphere;;[];carbon dioxide, captured from atmosphere and stored, with a sorbent-based direct air capture system, 100ktCO2, with heat pump heat, and grid electricity;-1.0;kilogram;carbon dioxide, captured from atmosphere;1.0;production;JPN;ecoinvent_cutoff_3.9_remind_SSP2-PkBudg500_2030
fd0220322d864c618ef201a3d54ba6a8;electricity production, at hard coal-fired power plant, oxy, pipeline 200km, storage 1000m;CHA;electricity, high voltage;;[];carbon dioxide, captured from hard coal-fired power plant, oxy, pipeline 200km, storage 1000m;-0.9576000000000001;kilogram;carbon dioxide, captured from hard coal-fired power plant, oxy, pipeline 200km, storage 1000m;;technosphere;CHA;ecoinvent_cutoff_3.9_remind_SSP2-PkBudg500_2030
fd06ac653e814654830059bc923c778c;carbon dioxide, captured from atmosphere and stored, with a sorbent-based direct air capture system, 100ktCO2, with waste heat, and grid electricity;EUR;carbon dioxide, captured from atmosphere;;[];carbon dioxide, captured from atmosphere and stored, with a sorbent-based direct air capture system, 100ktCO2, with waste heat, and grid electricity;-1.0;kilogram;carbon dioxide, captured from atmosphere;1.0;production;EUR;ecoinvent_cutoff_3.9_remind_SSP2-PkBudg500_2030
fd5cc1d7a6554b0288e3e406e10f0601;carbon dioxide storage from lignite, post, pipeline 400km, storage 3000m;MEA;carbon dioxide storage from lignite, post, pipeline 400km, storage 3000m;;[];carbon dioxide storage from lignite, post, pipeline 400km, storage 3000m;-1.0;kilogram;carbon dioxide storage from lignite, post, pipeline 400km, storage 3000m;1.0;production;MEA;ecoinvent_cutoff_3.9_remind_SSP2-PkBudg500_2030
fd978ce151cb44298c5989296f871083;electricity production, at natural gas-fired combined cycle power plant, post, pipeline 200km, storage 1000m;MEA;electricity, high voltage;;[];carbon dioxide, captured from natural gas, post, 200km pipeline, storage 1000m;-0.31810909090909084;kilogram;carbon dioxide, captured from natural gas, post, 200km pipeline, storage 1000m;;technosphere;MEA;ecoinvent_cutoff_3.9_remind_SSP2-PkBudg500_2030
fdcff3809d79496eab8f86a52a1a64d5;carbon dioxide storage at synthetic natural gas plant, post, 400km pipeline, storage 3000m;World;carbon dioxide storage at synthetic natural gas plant, post, 400km pipeline, storage 3000m;;[];carbon dioxide storage at synthetic natural gas plant, post, 400km pipeline, storage 3000m;-1.0;kilogram;carbon dioxide storage at synthetic natural gas plant, post, 400km pipeline, storage 3000m;1.0;production;World;ecoinvent_cutoff_3.9_remind_SSP2-PkBudg500_2030
fe0031afc5e641fd9456c0cc55250720;hydrogen production, steam methane reforming of natural gas, with CCS (MDEA, 98% eff.), 25 bar;NEU;hydrogen, gaseous, 25 bar;;[];carbon dioxide, captured at hydrogen production plant, pre, pipeline 200km, storage 1000m;-6.161167019605815;kilogram;carbon dioxide, captured at hydrogen production plant, pre, pipeline 200km, storage 1000m;;technosphere;RER;ecoinvent_cutoff_3.9_remind_SSP2-PkBudg500_2030
fe52e89568054a6ab6370f0a70ae3e34;carbon dioxide storage at wood burning power plant 20 MW post, pipeline 400km, storage 3000m;World;carbon dioxide storage at wood burning power plant 20 MW post, pipeline 400km, storage 3000m;;[];carbon dioxide storage at wood burning power plant 20 MW post, pipeline 400km, storage 3000m;-1.0;kilogram;carbon dioxide storage at wood burning power plant 20 MW post, pipeline 400km, storage 3000m;1.0;production;World;ecoinvent_cutoff_3.9_remind_SSP2-PkBudg500_2030
fe8f3c459af447a7a25c2d7599786b73;carbon dioxide storage from hard coal, oxy, pipeline 200km, storage 1000m;RER;carbon dioxide storage from hard coal, oxy, pipeline 200km, storage 1000m;;[];carbon dioxide storage from hard coal, oxy, pipeline 200km, storage 1000m;-1.0;kilogram;carbon dioxide storage from hard coal, oxy, pipeline 200km, storage 1000m;;production;RER;ecoinvent_cutoff_3.9_remind_SSP2-PkBudg500_2030
fe8f3c459af447a7a25c2d7599786b73;carbon dioxide storage from hard coal, oxy, pipeline 200km, storage 1000m;RER;carbon dioxide storage from hard coal, oxy, pipeline 200km, storage 1000m;;[];carbon dioxide storage from hard coal, oxy, pipeline 200km, storage 1000m;-1.0;kilogram;carbon dioxide storage from hard coal, oxy, pipeline 200km, storage 1000m;;technosphere;EUR;ecoinvent_cutoff_3.9_remind_SSP2-PkBudg500_2030
fee3c0463868438ab6847468ae2061eb;carbon dioxide, captured from natural gas, post, 200km pipeline, storage 1000m;LAM;carbon dioxide, captured from natural gas, post, 200km pipeline, storage 1000m;;[];carbon dioxide, captured from natural gas, post, 200km pipeline, storage 1000m;-1.0;kilogram;carbon dioxide, captured from natural gas, post, 200km pipeline, storage 1000m;1.0;production;LAM;ecoinvent_cutoff_3.9_remind_SSP2-PkBudg500_2030
fee3c0463868438ab6847468ae2061eb;carbon dioxide, captured from natural gas, post, 200km pipeline, storage 1000m;LAM;carbon dioxide, captured from natural gas, post, 200km pipeline, storage 1000m;;[];carbon dioxide storage from natural gas, post, 200km pipeline, storage 1000m;-1.0;kilogram;carbon dioxide storage from natural gas, post, 200km pipeline, storage 1000m;;technosphere;LAM;ecoinvent_cutoff_3.9_remind_SSP2-PkBudg500_2030
fee4078e513a412eb5aec1c2706f15c9;carbon dioxide storage from natural gas, post, 400km pipeline, storage 1000m;LAM;carbon dioxide storage from natural gas, post, 400km pipeline, storage 1000m;;[];carbon dioxide storage from natural gas, post, 400km pipeline, storage 1000m;-1.0;kilogram;carbon dioxide storage from natural gas, post, 400km pipeline, storage 1000m;1.0;production;LAM;ecoinvent_cutoff_3.9_remind_SSP2-PkBudg500_2030
ff20858c3daa46cb9dab71091da7d54f;carbon dioxide storage from hard coal, pre, pipeline 200km, storage 1000m;IND;carbon dioxide storage from hard coal, pre, pipeline 200km, storage 1000m;;[];carbon dioxide storage from hard coal, pre, pipeline 200km, storage 1000m;-1.0;kilogram;carbon dioxide storage from hard coal, pre, pipeline 200km, storage 1000m;1.0;production;IND;ecoinvent_cutoff_3.9_remind_SSP2-PkBudg500_2030
ffcacc559f17412c9260746fd0e9670b;electricity production, at lignite-fired IGCC power plant, pre, pipeline 200km, storage 1000m;OAS;electricity, high voltage;;[];carbon dioxide, captured from lignite, pre, pipeline 200km, storage 1000m;-0.9146975181977243;kilogram;carbon dioxide, captured from lignite, pre, pipeline 200km, storage 1000m;;technosphere;OAS;ecoinvent_cutoff_3.9_remind_SSP2-PkBudg500_2030
ffcb0109846a4a2a91ddafcb198499dd;carbon dioxide, captured from atmosphere, with a sorbent-based direct air capture system, 100ktCO2, with waste heat, and grid electricity;IND;carbon dioxide, captured from atmosphere;;[];carbon dioxide, captured from atmosphere, with a sorbent-based direct air capture system, 100ktCO2, with waste heat, and grid electricity;-1.0;kilogram;carbon dioxide, captured from atmosphere;1.0;production;IND;ecoinvent_cutoff_3.9_remind_SSP2-PkBudg500_2030
ffd15eb698954d948e8e482332fa9d32;carbon dioxide, captured from atmosphere and stored, with a solvent-based direct air capture system, 1MtCO2, with industrial steam heat, and grid electricity;SSA;carbon dioxide, captured from atmosphere;;[];carbon dioxide, captured from atmosphere and stored, with a solvent-based direct air capture system, 1MtCO2, with industrial steam heat, and grid electricity;-1.0;kilogram;carbon dioxide, captured from atmosphere;1.0;production;SSA;ecoinvent_cutoff_3.9_remind_SSP2-PkBudg500_2030
